	AAA	AAG	AAC	AAT	AGA	AGG	AGC	AGT	ACA	ACG	ACC	ACT	ATA	ATG	ATC	ATT	GAA	GAG	GAC	GAT	GGA	GGG	GGC	GGT	GCA	GCG	GCC	GCT	GTA	GTG	GTC	GTT	CAA	CAG	CAC	CAT	CGA	CGG	CGC	CGT	CCA	CCG	CCC	CCT	CTA	CTG	CTC	CTT	TAA	TAG	TAC	TAT	TGA	TGG	TGC	TGT	TCA	TCG	TCC	TCT	TTA	TTG	TTC	TTT	SUM
0	0	0	0	0	0	0	0	0	2	0	0	0	0	0	0	0	2	0	0	0	2	0	0	0	15554	1	1	3	3	0	0	0	0	0	0	0	0	0	0	0	1	0	0	0	0	0	0	0	0	0	0	0	0	0	0	0	9	0	0	0	0	0	0	0	15578
1	0	0	0	0	0	0	0	0	0	0	0	0	0	0	0	3	0	0	0	0	0	0	0	0	0	0	0	0	0	0	0	1	0	0	0	1	0	0	0	0	0	0	0	2	0	0	1	15570	0	0	0	0	0	0	0	0	0	0	0	0	0	0	0	0	15578
2	0	0	1	0	0	0	0	0	0	0	3	0	1	0	15567	2	0	0	0	0	0	0	0	0	0	0	0	0	0	0	3	0	0	0	0	0	0	0	0	0	0	0	0	0	0	0	1	0	0	0	0	0	0	0	0	0	0	0	0	0	0	0	0	0	15578
3	0	0	0	0	0	0	0	0	0	0	0	0	0	0	0	0	0	0	0	0	0	1	0	0	0	0	0	0	0	0	0	0	0	0	0	0	0	6	0	0	0	0	0	0	0	0	0	0	0	2	0	0	2	15543	1	9	0	0	0	0	0	11	0	3	15578
4	0	0	6	0	0	0	0	0	0	0	0	0	0	0	0	0	4	0	15526	30	0	0	3	0	0	0	2	0	0	0	1	0	0	0	0	0	0	0	0	0	0	0	0	0	0	0	0	0	0	0	6	0	0	0	0	0	0	0	0	0	0	0	0	0	15578
5	0	0	0	2	0	0	0	0	0	0	0	0	0	0	0	0	3	0	5	15559	0	0	0	2	0	0	0	3	0	0	0	1	0	0	0	0	0	0	0	0	0	0	0	0	0	0	0	0	0	0	0	2	0	0	0	0	0	0	0	1	0	0	0	0	15578
6	0	0	0	0	0	0	0	0	0	0	0	0	0	2	0	0	0	0	0	0	0	0	0	0	0	0	0	0	0	1	0	0	0	1	0	0	0	1	0	0	0	5	0	0	6	15556	0	5	0	0	0	0	0	0	0	0	0	0	0	0	0	1	0	0	15578
7	0	0	0	0	0	1	0	0	0	0	0	0	0	0	0	0	0	0	0	0	0	1	0	0	0	1	0	0	0	0	0	0	0	5	0	0	7	15535	0	1	0	0	0	0	0	1	0	1	0	0	0	0	0	25	0	0	0	0	0	0	0	0	0	0	15578
8	0	0	16	0	4	2	15529	10	0	0	1	0	0	0	6	0	0	0	0	0	0	0	5	0	0	0	0	0	0	0	0	0	0	0	0	0	0	0	1	0	0	0	0	0	0	0	0	0	0	0	0	0	0	0	4	0	0	0	0	0	0	0	0	0	15578
9	0	0	0	0	0	0	0	0	0	0	0	0	0	4	0	1	0	0	0	0	0	0	0	0	0	0	0	0	0	2	0	0	0	11	0	0	0	3	0	0	0	29	0	0	9	15506	0	8	0	0	0	0	0	0	0	0	0	0	0	0	0	5	0	0	15578
10	0	0	0	0	0	0	2	0	0	0	0	0	0	0	0	0	0	0	0	0	0	0	16	1	0	0	0	0	0	0	1	0	0	0	0	0	0	0	5	0	0	0	0	0	0	0	1	0	0	0	21	0	0	1	15493	27	0	0	0	0	0	0	10	0	15578
11	0	0	0	0	0	0	0	0	0	0	0	0	0	0	28	0	0	0	0	0	0	0	0	0	0	0	0	0	0	0	0	0	0	0	2	0	0	0	1	0	1	0	9	0	1	0	15430	103	0	0	0	0	0	0	0	0	0	0	0	0	0	0	3	0	15578
12	0	0	0	0	0	0	0	0	0	0	0	0	0	0	2	0	0	0	0	0	0	0	0	0	0	0	0	0	0	0	1	0	0	0	0	0	0	0	0	0	0	0	0	0	0	0	8	0	0	0	2	0	0	0	4	0	0	0	8	0	4	0	15543	6	15578
13	0	0	8	0	5	4	15512	2	0	1	1	0	0	0	5	0	0	0	0	0	0	0	9	0	0	0	0	3	7	7	0	0	0	0	0	0	0	0	5	0	0	0	0	0	0	0	0	0	0	0	0	0	0	0	2	0	0	0	0	0	0	7	0	0	15578
14	0	0	1	0	0	0	0	0	0	0	0	0	0	0	0	0	0	0	1	0	0	0	0	0	0	0	0	0	0	0	1	0	0	0	11	0	0	0	0	0	0	0	0	0	0	0	0	1	4	0	15538	4	0	0	7	0	0	0	1	0	0	0	9	0	15578
15	0	0	6	0	0	0	0	0	0	0	0	0	0	0	0	0	0	0	1	0	0	0	0	0	0	0	0	0	0	0	0	0	0	0	15537	4	0	0	2	0	0	0	25	0	0	0	1	0	0	0	2	0	0	0	0	0	0	0	0	0	0	0	0	0	15578
16	0	0	0	0	0	0	3	0	0	0	0	0	0	0	0	0	0	0	0	0	0	0	0	0	0	0	0	0	0	0	0	0	0	0	32	0	3	9	15495	4	0	0	12	0	0	1	5	1	0	0	0	0	0	0	13	0	0	0	0	0	0	0	0	0	15578
17	0	0	0	0	0	0	0	0	0	0	0	0	0	16	0	0	0	0	0	0	0	0	0	0	0	0	0	0	0	10	0	0	0	0	0	0	0	0	0	0	0	0	0	0	0	12	0	0	0	1	0	0	0	4	0	0	0	5	0	0	4	15517	0	9	15578
18	5	0	0	0	15500	13	3	3	1	0	0	0	7	0	0	0	1	0	0	0	36	3	0	0	0	0	0	0	0	0	0	0	0	0	0	0	0	0	0	0	0	0	0	0	0	0	0	0	0	0	0	0	4	0	0	0	0	0	0	0	1	0	0	0	15577
19	0	0	9	0	0	0	0	0	0	0	1	0	0	0	0	0	6	4	15517	4	0	0	25	0	0	0	4	0	0	0	2	0	0	0	2	0	0	0	0	0	0	0	0	0	0	0	0	0	0	0	3	0	0	0	0	0	0	0	0	0	0	0	0	0	15577
20	0	0	0	0	0	0	0	0	0	0	0	0	6	0	0	0	0	0	0	0	0	0	0	0	0	0	0	0	4	0	1	0	0	0	0	1	0	0	0	0	0	0	0	0	16	0	1	0	3	0	0	0	0	0	0	0	3	0	0	0	15506	5	8	23	15577
21	47	25	44	21	9	155	34	173	122	182	291	87	181	3100	216	429	52	73	11	2	282	185	67	186	78	121	136	56	78	251	146	89	347	174	781	247	31	84	71	53	24	19	28	5	706	698	331	222	1	1	308	289	3	1300	601	425	91	116	340	312	380	205	99	356	15577
22	0	0	0	0	0	0	0	0	0	0	0	0	0	6	0	1	0	0	0	0	0	0	0	0	0	0	0	0	0	15	0	0	0	0	0	0	0	0	0	0	0	0	0	0	0	6	0	0	0	1	0	0	0	4	0	0	0	4	0	0	6	15524	0	10	15577
23	0	0	0	15	0	1	0	3	0	0	0	9	4	2	4	15528	0	0	0	0	0	0	0	0	0	0	0	0	0	0	0	4	0	0	0	0	0	0	0	0	0	0	0	0	0	0	0	1	0	0	0	0	0	0	0	0	0	0	0	0	0	0	0	6	15577
24	0	0	0	0	0	0	0	0	0	0	0	0	15	0	0	0	2	0	0	0	4	0	0	0	7	0	0	0	15495	25	1	9	0	0	0	0	0	0	0	0	0	0	0	0	2	0	0	0	0	0	0	0	0	0	0	0	0	0	0	0	17	0	0	0	15577
25	0	2	0	0	0	1	0	0	17	15540	6	2	0	5	0	0	0	0	0	0	0	0	0	0	0	1	0	0	0	0	0	0	0	0	0	0	0	2	0	0	0	1	0	0	0	0	0	0	0	0	0	0	0	0	0	0	0	0	0	0	0	0	0	0	15577
26	0	44	0	0	6	15487	1	10	0	0	0	0	0	6	0	0	0	4	0	0	0	14	0	0	0	0	0	0	0	0	0	0	0	0	0	0	0	2	1	0	0	0	0	0	0	0	0	0	0	0	0	0	0	2	0	0	0	0	0	0	0	0	0	0	15577
27	0	0	0	0	0	0	0	0	0	0	0	0	0	0	0	0	0	0	0	0	0	0	0	0	0	0	0	0	0	0	0	0	0	0	0	0	0	0	0	0	0	0	0	0	0	0	0	0	0	0	0	0	0	0	0	0	0	0	0	0	0	0	0	0	0
28	0	0	0	0	0	0	0	0	0	0	0	0	0	0	0	0	0	0	0	0	0	0	0	0	0	0	0	0	0	0	0	0	0	0	0	0	0	0	0	0	0	0	0	0	0	0	0	0	0	0	0	0	0	0	0	0	0	0	0	0	0	0	0	0	0
