	AAA	AAG	AAC	AAT	AGA	AGG	AGC	AGT	ACA	ACG	ACC	ACT	ATA	ATG	ATC	ATT	GAA	GAG	GAC	GAT	GGA	GGG	GGC	GGT	GCA	GCG	GCC	GCT	GTA	GTG	GTC	GTT	CAA	CAG	CAC	CAT	CGA	CGG	CGC	CGT	CCA	CCG	CCC	CCT	CTA	CTG	CTC	CTT	TAA	TAG	TAC	TAT	TGA	TGG	TGC	TGT	TCA	TCG	TCC	TCT	TTA	TTG	TTC	TTT	SUM
0	0	0	0	0	0	0	0	0	2	0	0	0	0	0	0	0	8	0	0	0	2	0	0	0	15998	1	2	2	4	0	0	0	0	0	0	0	0	0	0	0	2	0	0	0	0	0	0	0	0	0	0	0	0	0	0	0	10	0	0	0	0	0	0	0	16031
1	0	0	0	0	0	0	0	0	0	0	0	0	0	0	0	8	0	0	0	1	0	0	0	0	0	0	0	0	0	0	0	1	0	0	0	2	0	0	0	0	0	0	0	1	1	0	3	16012	0	0	0	0	0	0	0	0	0	0	0	0	0	0	0	2	16031
2	0	0	2	0	0	0	0	0	0	0	1	0	4	0	16018	4	0	0	0	0	0	0	0	0	0	0	0	0	0	0	0	0	0	0	0	0	0	0	0	0	0	0	0	0	0	0	1	0	0	0	0	0	0	0	0	0	0	0	0	0	0	0	1	0	16031
3	0	0	0	0	0	0	0	0	0	0	0	0	0	0	0	0	0	0	0	0	0	1	0	0	0	0	0	0	0	0	0	0	0	0	0	0	0	0	0	0	0	0	0	0	0	0	0	0	0	1	0	0	3	16004	0	7	0	0	0	0	0	14	0	1	16031
4	0	0	6	0	0	0	1	0	0	0	0	0	0	0	0	0	3	1	15990	16	0	0	3	0	0	0	2	0	0	0	2	0	0	0	0	0	0	0	0	0	0	0	0	0	0	0	0	0	0	0	7	0	0	0	0	0	0	0	0	0	0	0	0	0	16031
5	0	0	0	9	0	0	0	0	0	0	0	0	0	0	0	0	2	1	3	16011	0	0	0	1	0	0	0	1	0	1	0	0	0	0	0	0	0	0	0	0	0	0	0	0	0	0	0	0	0	0	0	2	0	0	0	0	0	0	0	0	0	0	0	0	16031
6	0	0	0	0	0	0	0	0	0	0	0	0	0	6	0	0	0	0	0	0	0	0	0	0	0	0	0	0	0	0	0	0	0	5	0	0	0	0	0	0	0	9	0	0	22	15984	0	1	0	0	0	0	0	0	0	0	0	0	0	0	0	4	0	0	16031
7	0	0	0	0	0	4	0	0	0	0	0	0	0	0	0	0	0	0	0	0	0	1	0	0	0	0	0	0	0	0	0	0	0	10	0	0	7	15974	0	7	0	1	0	0	0	4	0	0	0	0	0	0	0	23	0	0	0	0	0	0	0	0	0	0	16031
8	0	0	9	0	8	0	15985	16	0	0	2	0	0	0	1	0	0	0	0	0	0	0	4	0	0	0	0	0	0	0	0	0	0	0	0	0	0	0	5	0	0	0	0	0	0	0	0	0	0	0	0	0	0	0	1	0	0	0	0	0	0	0	0	0	16031
9	0	0	0	0	0	0	0	0	0	0	0	0	0	7	0	0	0	0	0	0	0	0	0	0	0	0	0	0	0	1	0	0	0	12	0	1	0	10	0	0	0	23	0	0	11	15956	2	3	0	0	0	0	0	0	0	0	0	0	0	0	0	5	0	0	16031
10	0	0	0	0	0	0	3	0	0	0	0	0	0	0	0	0	0	0	0	0	1	0	13	1	0	0	0	0	0	0	1	0	0	0	0	0	0	0	14	0	0	0	0	0	0	0	0	0	0	0	23	0	1	5	15934	19	0	0	0	0	0	0	16	0	16031
11	0	0	0	0	0	0	0	0	0	0	0	0	0	0	3	0	0	0	0	0	0	0	0	0	0	0	0	0	0	0	1	1	0	0	3	0	0	0	0	0	0	0	18	0	3	0	15988	11	0	0	0	0	0	0	0	0	0	0	0	0	0	0	3	0	16031
12	0	0	1	0	0	0	0	0	0	0	0	0	0	0	1	0	0	0	0	0	0	0	0	0	0	0	0	0	0	0	1	0	0	0	0	0	0	0	0	0	0	0	0	0	0	0	3	0	0	0	1	0	0	0	2	0	1	0	6	0	7	2	15995	11	16031
13	0	0	15	0	3	3	15940	26	0	0	6	1	0	0	5	0	0	0	0	0	0	5	7	0	0	0	1	0	0	0	1	0	0	0	0	0	0	0	3	0	0	0	0	0	0	0	0	0	0	0	0	0	1	3	7	0	0	0	4	0	0	0	0	0	16031
14	0	0	1	0	0	0	0	0	0	0	0	0	0	0	0	0	0	0	1	0	0	0	0	0	0	0	0	0	0	0	0	0	0	0	6	0	0	0	0	0	0	0	0	0	0	0	0	0	7	0	15991	4	0	0	5	0	0	0	8	0	0	0	8	0	16031
15	0	0	8	0	0	0	0	0	0	0	0	0	0	0	0	0	0	0	1	0	0	0	0	0	0	1	0	0	0	0	0	0	6	0	15962	11	0	0	3	0	0	0	32	0	0	0	4	0	0	0	3	0	0	0	0	0	0	0	0	0	0	0	0	0	16031
16	0	0	0	0	0	0	5	0	0	0	2	0	0	0	0	0	0	0	0	0	0	0	5	0	0	0	1	0	0	0	0	1	0	0	42	0	2	5	15923	11	0	0	14	0	0	1	9	0	0	0	0	0	0	0	10	0	0	0	0	0	0	0	0	0	16031
17	0	0	0	0	0	0	0	0	0	0	0	0	0	1	0	0	0	0	0	0	0	0	0	0	0	0	0	0	0	7	0	0	0	0	0	0	0	0	0	0	0	0	0	0	0	8	0	2	0	4	0	0	0	7	0	0	0	5	0	0	7	15981	0	9	16031
18	7	0	0	0	15936	12	4	1	0	0	0	0	12	0	0	0	0	0	0	0	42	2	0	0	0	0	0	0	0	0	0	0	0	0	0	0	4	0	1	0	0	0	0	0	0	0	0	0	0	0	0	0	10	0	0	0	0	0	0	0	0	0	0	0	16031
19	0	2	11	0	0	0	0	0	0	0	0	0	0	0	0	0	2	1	15975	9	0	0	16	0	0	0	7	0	0	0	4	0	0	0	1	0	0	0	0	0	0	0	0	0	0	0	0	0	0	0	3	0	0	0	0	0	0	0	0	0	0	0	0	0	16031
20	0	0	0	0	0	0	0	0	0	0	0	0	6	0	0	0	0	0	0	0	0	0	0	0	0	0	0	0	8	0	0	0	0	0	0	0	0	0	0	0	0	0	0	0	16	0	0	0	5	0	1	0	5	0	0	0	2	0	0	0	15950	8	3	26	16030
21	0	0	0	0	0	0	0	0	0	0	0	0	0	0	8	0	0	0	0	0	0	0	0	0	0	0	0	0	0	0	1	0	0	0	1	0	0	0	3	0	0	0	12	0	4	1	15977	12	0	0	0	0	0	0	0	0	0	0	0	0	0	0	10	1	16030
22	109	106	189	112	99	156	173	350	358	331	475	264	273	320	428	454	212	289	129	251	217	350	148	12	284	359	516	359	398	524	371	349	325	291	181	107	74	154	81	81	111	99	178	91	248	498	499	291	6	20	233	203	8	373	301	332	143	196	382	216	193	481	373	296	16030
23	0	0	0	14	1	0	0	7	0	0	0	2	1	11	2	15953	0	0	0	0	0	0	0	0	0	0	0	0	0	0	0	29	0	0	0	0	0	0	0	0	0	0	0	0	0	0	0	3	0	0	0	0	0	0	0	0	0	0	0	0	0	0	0	7	16030
24	0	1	0	0	0	0	0	0	0	0	0	0	21	0	0	0	15	0	0	0	10	0	0	0	6	0	0	0	15957	4	1	1	0	0	0	0	0	0	0	0	0	0	0	0	0	0	0	0	0	0	0	0	1	0	0	0	0	0	0	0	13	0	0	0	16030
25	0	3	0	0	0	0	0	0	26	15972	6	2	0	13	0	0	0	0	0	0	0	0	0	0	0	2	0	0	0	0	0	0	0	0	0	0	0	1	0	0	0	0	0	0	0	0	0	0	0	0	0	0	0	0	0	0	0	4	0	0	0	0	0	0	16029
26	0	26	0	0	3	15960	0	8	0	2	0	0	0	7	0	0	0	1	0	0	0	18	0	0	0	0	0	0	0	0	0	0	0	0	0	0	0	3	0	0	0	0	0	0	0	0	0	0	0	0	0	0	0	1	0	0	0	0	0	0	0	0	0	0	16029
27	0	0	0	0	0	0	0	0	0	0	0	0	0	0	0	0	0	0	0	0	0	0	0	0	0	0	0	0	0	0	0	0	0	0	0	0	0	0	0	0	0	0	0	0	0	0	0	0	0	0	0	0	0	0	0	0	0	0	0	0	0	0	0	0	0
28	0	0	0	0	0	0	0	0	0	0	0	0	0	0	0	0	0	0	0	0	0	0	0	0	0	0	0	0	0	0	0	0	0	0	0	0	0	0	0	0	0	0	0	0	0	0	0	0	0	0	0	0	0	0	0	0	0	0	0	0	0	0	0	0	0
