	AAA	AAG	AAC	AAT	AGA	AGG	AGC	AGT	ACA	ACG	ACC	ACT	ATA	ATG	ATC	ATT	GAA	GAG	GAC	GAT	GGA	GGG	GGC	GGT	GCA	GCG	GCC	GCT	GTA	GTG	GTC	GTT	CAA	CAG	CAC	CAT	CGA	CGG	CGC	CGT	CCA	CCG	CCC	CCT	CTA	CTG	CTC	CTT	TAA	TAG	TAC	TAT	TGA	TGG	TGC	TGT	TCA	TCG	TCC	TCT	TTA	TTG	TTC	TTT	SUM
0	0	0	0	0	0	0	0	0	4	0	0	0	0	0	0	0	20	0	0	0	0	0	0	0	24361	6	2	2	9	0	0	0	0	0	0	0	0	0	0	0	1	0	0	0	0	0	0	0	0	0	0	0	0	0	0	0	14	0	0	0	0	0	0	0	24419
1	0	0	0	0	0	0	0	0	0	0	0	0	0	0	0	6	0	0	0	0	0	0	0	0	0	0	0	0	0	0	0	1	0	0	0	2	0	0	0	3	0	0	0	1	1	1	6	24394	0	0	0	0	0	0	0	0	0	0	0	0	0	0	0	4	24419
2	0	0	1	0	0	0	0	0	0	0	2	0	5	0	24399	7	0	0	0	0	0	0	0	0	0	0	0	0	0	0	0	0	0	0	0	0	0	0	0	0	0	0	0	0	0	0	4	0	0	0	0	0	0	0	0	0	0	0	0	0	0	0	1	0	24419
3	0	0	0	0	0	1	0	0	0	0	0	0	0	0	0	0	0	0	0	0	0	0	0	0	0	0	0	0	0	0	0	0	0	0	0	0	0	2	0	0	0	0	0	0	0	0	0	0	0	1	0	0	8	24361	2	15	0	1	0	0	1	25	0	2	24419
4	0	0	4	0	0	0	0	0	0	0	0	0	0	0	0	0	11	0	24355	34	0	0	5	0	0	0	0	0	0	0	1	0	0	0	2	0	0	0	0	0	0	0	0	0	0	0	0	0	0	0	6	0	0	0	0	0	0	0	1	0	0	0	0	0	24419
5	0	0	0	9	0	0	0	0	0	0	0	0	0	0	0	0	5	0	5	24380	0	0	0	2	0	0	0	6	0	0	0	4	0	0	0	0	0	0	0	0	0	0	0	0	0	0	0	0	0	0	0	8	0	0	0	0	0	0	0	0	0	0	0	0	24419
6	0	0	0	0	0	0	0	0	0	0	0	0	0	4	0	0	0	0	0	0	0	0	0	0	0	0	0	0	0	0	0	0	0	5	0	0	0	0	0	0	0	11	0	0	11	24376	3	4	0	0	0	0	0	0	0	0	0	0	0	0	0	5	0	0	24419
7	0	0	0	0	0	4	0	0	0	0	0	0	0	0	0	0	0	0	0	0	0	2	0	0	0	0	0	0	0	0	0	0	0	10	0	0	8	24336	1	3	0	2	0	0	0	7	0	1	0	0	0	0	0	45	0	0	0	0	0	0	0	0	0	0	24419
8	0	0	23	0	8	3	24336	34	0	0	1	0	0	0	2	0	0	0	0	0	0	0	3	0	0	0	0	0	0	0	0	0	0	0	0	0	0	0	9	0	0	0	0	0	0	0	0	0	0	0	0	0	0	0	0	0	0	0	0	0	0	0	0	0	24419
9	0	0	0	0	0	0	0	0	0	0	0	0	0	11	0	0	0	0	0	0	0	0	0	0	0	0	0	0	0	4	0	0	0	14	0	0	0	10	0	0	0	21	0	0	16	24324	1	14	0	0	0	0	0	0	0	0	0	0	0	0	0	4	0	0	24419
10	0	0	0	0	0	0	5	0	0	0	0	0	0	0	0	0	0	0	0	0	0	0	18	0	0	0	0	0	0	0	1	0	0	0	0	0	0	0	14	0	0	0	0	0	0	0	0	0	0	0	38	0	7	5	24279	40	0	0	1	0	0	2	9	0	24419
11	0	0	0	0	0	0	0	0	0	0	0	0	0	0	44	0	0	0	0	0	0	0	0	0	0	0	0	0	0	0	2	0	0	0	9	0	0	0	5	0	0	0	26	0	4	1	24170	149	0	0	0	0	0	0	1	0	0	0	0	0	0	0	8	0	24419
12	0	0	0	0	0	0	0	0	0	0	0	0	0	0	2	0	0	0	0	0	0	0	0	0	0	0	0	0	0	0	0	0	0	0	0	0	0	0	0	0	0	0	0	0	0	0	15	0	0	0	3	0	0	0	2	0	0	0	3	0	4	4	24381	5	24419
13	0	1	17	0	10	6	24286	12	0	3	4	1	0	0	7	0	0	0	0	0	0	0	17	0	0	0	0	3	12	5	0	1	0	0	0	0	0	0	8	0	0	0	0	0	0	0	0	0	0	0	0	0	0	0	3	0	0	1	1	0	0	21	0	0	24419
14	0	0	4	0	0	0	0	0	0	0	0	0	0	0	0	0	0	0	4	0	0	0	0	0	0	0	0	0	0	0	0	0	0	0	14	0	0	0	0	0	0	0	1	0	0	0	0	0	7	1	24351	5	0	0	7	0	0	0	10	0	0	0	15	0	24419
15	0	0	9	0	0	0	0	0	0	0	1	0	0	0	0	0	0	0	0	0	0	0	0	0	0	0	0	0	0	0	0	0	11	1	24337	6	0	0	8	0	0	0	37	0	0	0	3	0	0	0	6	0	0	0	0	0	0	0	0	0	0	0	0	0	24419
16	0	0	0	0	2	0	8	0	1	0	0	0	0	0	1	0	0	0	0	0	0	2	4	0	0	0	1	0	0	0	0	0	0	0	50	0	9	12	24274	6	0	0	22	1	0	0	12	0	0	0	0	0	0	1	11	0	0	0	1	0	1	0	0	0	24419
17	0	0	0	0	0	0	0	0	0	0	0	0	0	15	0	0	0	0	0	0	0	0	0	0	0	0	0	0	0	13	0	1	0	0	0	0	0	0	0	0	0	0	0	0	0	15	0	0	0	2	0	0	0	6	0	0	0	12	0	0	10	24325	0	20	24419
18	9	0	0	0	24320	15	5	5	1	0	0	1	4	0	0	1	0	0	0	0	45	1	1	0	0	0	0	0	0	0	0	0	0	0	0	0	4	0	0	0	0	0	0	0	1	0	0	0	0	0	0	0	6	0	0	0	0	0	0	0	0	0	0	0	24419
19	0	1	18	0	0	0	3	0	0	0	0	0	0	0	0	0	7	4	24315	7	0	0	33	0	0	0	9	0	1	0	13	0	0	0	0	0	0	0	0	0	0	0	0	0	0	0	0	0	0	0	6	0	0	0	0	0	0	0	1	0	0	0	1	0	24419
20	1	0	0	0	0	0	1	1	0	1	0	0	8	0	0	0	0	0	0	0	1	0	0	0	0	1	1	0	7	1	0	0	0	0	0	0	0	0	0	0	0	0	0	0	15	1	1	0	5	1	1	0	3	0	0	0	3	0	0	0	24326	11	7	22	24419
21	77	50	73	35	9	237	53	247	222	326	486	120	308	4826	343	710	90	101	23	7	439	291	100	300	107	206	235	74	136	398	218	144	546	266	1335	426	64	145	129	106	40	28	34	8	1146	1032	523	305	2	1	419	447	3	1927	858	620	167	161	540	527	622	358	141	501	24418
22	0	0	0	0	0	0	0	0	0	0	0	0	0	13	0	0	0	0	0	0	0	0	0	0	0	0	0	0	1	38	0	0	0	0	0	0	0	0	0	0	0	0	0	0	0	9	0	0	0	0	0	0	0	16	0	0	0	7	0	0	4	24309	1	19	24417
23	0	0	0	19	0	0	0	9	0	0	0	6	4	13	9	24326	0	0	0	1	0	0	0	0	0	0	0	0	0	0	0	19	0	0	0	0	0	0	0	0	0	0	0	0	0	0	1	2	0	0	0	1	0	0	0	0	0	0	0	0	0	0	0	6	24416
24	0	0	0	0	0	0	0	0	0	0	0	0	34	0	0	0	19	0	0	0	16	0	0	1	8	0	0	0	24284	16	2	8	0	0	0	0	0	0	0	0	0	0	0	0	1	0	1	0	0	0	0	0	0	0	0	0	0	0	0	0	26	0	0	0	24416
25	0	12	0	0	1	1	0	0	25	24343	7	5	0	6	0	0	0	1	0	0	0	0	0	0	0	3	0	0	0	0	0	0	0	0	0	0	0	5	0	0	0	4	0	0	0	0	0	0	0	0	0	0	0	0	0	0	0	3	0	0	0	0	0	0	24416
26	0	48	0	0	13	24297	1	12	0	2	0	0	0	16	0	0	0	1	0	0	1	24	0	0	0	0	0	0	0	0	0	0	0	0	0	0	0	1	0	0	0	0	0	0	0	0	0	0	0	0	0	0	0	0	0	0	0	0	0	0	0	0	0	0	24416
27	0	0	0	0	0	0	0	0	0	0	0	0	0	0	0	0	0	0	0	0	0	0	0	0	0	0	0	0	0	0	0	0	0	0	0	0	0	0	0	0	0	0	0	0	0	0	0	0	0	0	0	0	0	0	0	0	0	0	0	0	0	0	0	0	0
28	0	0	0	0	0	0	0	0	0	0	0	0	0	0	0	0	0	0	0	0	0	0	0	0	0	0	0	0	0	0	0	0	0	0	0	0	0	0	0	0	0	0	0	0	0	0	0	0	0	0	0	0	0	0	0	0	0	0	0	0	0	0	0	0	0
