	AAA	AAG	AAC	AAT	AGA	AGG	AGC	AGT	ACA	ACG	ACC	ACT	ATA	ATG	ATC	ATT	GAA	GAG	GAC	GAT	GGA	GGG	GGC	GGT	GCA	GCG	GCC	GCT	GTA	GTG	GTC	GTT	CAA	CAG	CAC	CAT	CGA	CGG	CGC	CGT	CCA	CCG	CCC	CCT	CTA	CTG	CTC	CTT	TAA	TAG	TAC	TAT	TGA	TGG	TGC	TGT	TCA	TCG	TCC	TCT	TTA	TTG	TTC	TTT	SUM
0	0	0	0	0	0	0	0	0	10	0	0	0	0	0	0	0	28	0	0	0	1	0	0	0	55209	7	5	6	10	0	0	0	0	0	0	0	0	0	0	0	0	0	0	0	0	0	0	0	0	0	0	0	0	0	0	0	35	0	1	0	0	0	0	0	55312
1	0	0	0	0	0	0	0	1	0	0	0	0	0	0	0	15	0	0	0	0	0	0	0	0	0	0	0	0	0	0	0	2	0	1	1	6	0	0	0	2	0	0	0	10	6	3	6	55250	0	0	0	0	0	0	0	0	0	0	0	0	0	0	0	9	55312
2	0	0	6	0	0	0	0	0	1	0	7	0	8	1	55260	16	0	0	0	0	0	0	0	0	0	0	0	0	0	0	4	0	0	0	0	0	0	0	0	0	0	0	0	0	0	0	5	0	0	0	0	0	0	0	0	0	0	0	0	0	0	0	4	0	55312
3	0	0	0	0	0	6	0	0	0	0	0	0	0	0	0	0	0	0	0	0	0	6	0	0	0	0	0	0	0	0	0	0	0	0	0	0	0	17	0	0	0	0	0	0	0	0	0	0	0	8	0	0	20	55127	4	52	0	1	0	0	0	66	0	5	55312
4	0	0	35	0	0	0	0	0	0	0	0	0	0	0	0	0	37	2	55109	54	1	0	22	0	0	0	7	0	0	0	3	0	0	0	4	0	0	0	0	0	0	0	0	0	0	0	0	0	0	0	36	0	0	0	0	0	0	0	1	0	0	0	0	0	55311
5	0	0	0	29	0	0	0	0	0	0	0	0	0	0	0	0	1	5	20	55227	0	0	0	4	0	0	0	8	0	0	0	7	0	0	1	1	0	0	0	0	0	0	0	0	0	0	0	0	0	0	0	6	0	0	0	0	0	0	0	2	0	0	0	0	55311
6	0	1	0	0	0	0	0	0	0	0	0	0	0	17	0	0	0	0	0	0	0	0	0	0	0	0	0	0	0	0	0	0	0	7	0	0	0	2	0	0	0	38	0	0	38	54885	2	304	0	0	0	0	0	0	0	0	0	0	0	0	0	17	0	0	55311
7	0	0	0	0	0	20	0	0	0	0	0	0	0	0	0	0	0	0	0	0	1	4	0	0	0	0	0	0	0	0	0	0	0	37	0	0	104	54368	2	17	0	21	0	1	0	273	0	6	0	0	0	0	1	454	1	1	0	0	0	0	0	0	0	0	55311
8	0	0	38	0	11	3	55096	52	0	0	58	0	0	0	13	0	0	0	0	0	0	0	13	0	0	0	0	0	0	0	1	0	0	0	0	0	0	0	15	0	0	0	0	0	0	0	2	0	0	0	0	0	0	1	8	0	0	0	0	0	0	0	0	0	55311
9	0	0	0	0	0	0	0	0	0	0	0	0	0	30	0	0	0	0	0	0	0	0	0	0	0	0	0	0	0	4	0	0	0	54	0	0	0	28	0	0	0	62	0	0	44	54745	2	322	0	0	0	0	0	1	0	0	0	0	0	0	0	18	1	0	55311
10	0	0	0	0	0	0	10	0	0	0	0	0	0	0	0	0	0	0	0	0	1	1	65	0	0	0	0	0	0	0	0	0	0	0	0	0	0	0	31	0	0	0	0	0	0	0	0	0	0	0	82	0	10	8	54964	107	1	0	5	0	0	0	25	1	55311
11	0	0	0	0	0	0	0	0	0	0	0	0	0	0	50	0	0	0	0	0	0	0	1	0	0	0	0	0	0	0	3	0	0	0	10	0	0	0	9	0	1	0	59	0	219	4	54522	421	0	0	1	0	0	0	0	0	0	0	0	0	0	0	11	0	55311
12	0	0	1	0	0	0	0	0	0	0	0	0	0	0	11	0	0	0	0	0	0	0	0	0	0	0	1	0	0	0	4	0	0	0	1	0	0	0	0	0	0	0	0	0	0	0	22	0	0	0	40	0	0	0	8	0	0	0	18	0	11	6	55168	20	55311
13	0	1	33	0	19	13	54830	45	0	0	4	0	60	2	40	0	0	0	1	0	0	64	118	0	0	0	1	0	0	2	1	0	0	0	0	0	0	1	11	0	0	5	0	0	0	0	0	0	0	0	0	0	0	0	13	0	45	0	1	0	0	0	1	0	55311
14	0	0	9	0	0	0	0	0	0	0	0	0	0	0	1	0	0	0	5	0	0	0	0	0	0	0	0	0	0	0	0	0	0	0	29	0	0	0	0	0	0	0	0	0	0	0	1	0	16	0	55025	19	0	0	128	0	1	0	21	0	0	1	55	0	55311
15	0	0	161	1	1	0	0	0	0	0	0	0	0	0	0	0	0	0	7	0	0	0	0	0	0	0	1	0	0	0	0	0	16	0	54978	26	0	0	23	0	1	1	79	0	0	0	5	0	0	0	11	0	0	0	0	0	0	0	0	0	0	0	0	0	55311
16	0	0	0	0	0	0	17	0	0	0	0	1	0	0	0	0	1	0	1	0	1	2	11	1	0	0	0	0	0	0	1	0	0	1	152	0	41	32	54868	58	0	2	49	1	0	2	39	0	0	0	0	0	0	1	29	0	0	0	0	0	0	0	0	0	55311
17	0	0	0	0	0	0	0	0	0	0	0	0	1	15	0	0	0	0	0	0	0	0	0	0	0	0	0	0	0	31	1	0	0	0	0	0	0	0	0	0	0	0	0	0	0	29	1	0	0	1	0	0	0	14	0	1	0	24	0	0	39	55112	3	38	55310
18	27	0	0	0	54938	34	9	15	12	0	0	0	31	0	1	0	1	1	0	0	125	2	0	0	1	0	0	0	0	0	0	0	0	0	0	0	94	0	0	0	0	0	0	0	0	0	1	0	0	0	0	0	18	0	0	0	0	0	0	0	0	0	0	0	55310
19	0	0	32	0	0	0	0	0	0	0	0	0	0	0	0	0	27	6	55118	30	0	0	48	0	0	0	12	1	0	0	17	0	0	0	4	0	0	0	0	0	0	0	0	0	0	0	0	0	0	0	12	0	0	0	1	0	0	0	0	0	0	1	0	1	55310
20	246	153	1609	264	83	38	585	300	184	43	1255	319	873	244	1702	1135	593	335	569	884	843	645	1042	1235	387	492	2101	574	1189	1208	602	1581	1059	213	2099	1021	231	81	457	495	107	109	218	82	1984	1212	1922	1942	33	14	970	1189	47	158	1512	2978	589	407	701	1311	2708	1488	2198	2462	55310
21	0	0	0	0	0	0	0	0	0	0	0	0	2	1	26	0	0	0	0	0	0	0	0	0	0	0	1	0	1	0	8	0	0	0	9	0	0	0	29	1	0	0	60	2	17	8	55073	33	0	0	0	0	0	0	2	0	0	0	1	0	2	0	32	2	55310
22	0	0	0	0	0	0	0	0	0	2	0	0	1	7	0	0	0	0	0	0	0	0	0	0	0	0	0	0	0	8	0	7	0	0	0	0	0	1	0	0	0	0	0	0	0	15	0	0	0	4	0	1	0	12	0	1	0	18	0	0	15	55181	10	27	55310
23	0	0	0	24	0	3	0	16	0	0	0	29	4	12	17	55157	0	0	0	0	0	0	0	0	0	0	0	0	0	0	0	28	0	0	0	0	0	0	0	0	0	0	0	0	0	1	0	4	0	0	0	0	0	0	0	0	0	0	0	0	0	0	0	15	55310
24	2	0	0	0	0	0	0	0	0	0	0	0	39	0	0	0	50	0	0	0	30	0	0	0	28	0	0	0	55026	26	7	18	0	0	0	0	0	0	0	0	0	0	0	0	1	0	0	0	0	0	0	0	0	0	0	0	0	0	0	0	81	0	0	0	55308
25	1	18	2	0	1	3	0	0	63	55159	18	12	0	10	0	0	0	0	0	0	0	0	0	0	0	7	0	0	0	0	0	0	0	0	0	0	1	0	0	0	0	8	0	0	0	0	0	0	0	0	0	0	0	0	0	0	0	3	0	1	0	0	0	0	55307
26	0	103	0	2	16	55069	1	12	0	3	0	0	0	34	0	2	0	3	0	0	2	49	0	0	0	0	0	0	0	0	0	0	0	0	0	0	0	6	0	0	0	0	0	0	0	0	0	0	0	0	0	0	0	3	0	0	0	0	0	0	0	0	0	0	55305
27	0	0	0	0	0	0	0	0	0	0	0	0	0	0	0	0	0	0	0	0	0	0	0	0	0	0	0	0	0	0	0	0	0	0	0	0	0	0	0	0	0	0	0	0	0	0	0	0	0	0	0	0	0	0	0	0	0	0	0	0	0	0	0	0	0
28	0	0	0	0	0	0	0	0	0	0	0	0	0	0	0	0	0	0	0	0	0	0	0	0	0	0	0	0	0	0	0	0	0	0	0	0	0	0	0	0	0	0	0	0	0	0	0	0	0	0	0	0	0	0	0	0	0	0	0	0	0	0	0	0	0
