	AAA	AAG	AAC	AAT	AGA	AGG	AGC	AGT	ACA	ACG	ACC	ACT	ATA	ATG	ATC	ATT	GAA	GAG	GAC	GAT	GGA	GGG	GGC	GGT	GCA	GCG	GCC	GCT	GTA	GTG	GTC	GTT	CAA	CAG	CAC	CAT	CGA	CGG	CGC	CGT	CCA	CCG	CCC	CCT	CTA	CTG	CTC	CTT	TAA	TAG	TAC	TAT	TGA	TGG	TGC	TGT	TCA	TCG	TCC	TCT	TTA	TTG	TTC	TTT	SUM
0	0	0	0	0	0	0	0	0	2	0	0	0	0	0	0	0	3	0	0	0	0	0	0	0	11543	2	1	1	5	0	0	0	0	0	0	0	0	0	0	0	0	0	0	0	0	0	0	0	1	0	0	0	0	0	0	0	5	0	0	0	0	0	0	0	11563
1	0	0	0	0	0	0	0	0	0	0	0	0	0	0	0	2	0	0	0	0	0	0	0	0	0	0	0	0	0	0	0	0	0	0	0	2	0	0	0	0	0	0	0	2	0	1	3	11551	0	0	0	0	0	0	0	0	0	0	0	0	0	0	0	2	11563
2	0	0	4	0	0	0	0	0	0	0	0	0	2	0	11545	4	0	0	0	0	0	0	0	0	0	0	0	0	0	0	1	0	0	0	0	0	0	0	0	0	0	0	0	0	0	0	3	0	0	0	0	0	0	0	0	0	0	0	0	0	0	0	4	0	11563
3	0	0	0	0	0	2	0	0	0	0	0	0	0	0	0	0	0	0	0	0	0	0	0	0	0	0	0	0	0	0	0	0	0	0	0	0	0	2	0	0	0	0	0	0	0	0	0	0	0	2	0	0	7	11467	0	51	0	1	0	0	0	30	0	1	11563
4	0	0	7	0	0	0	0	0	0	0	0	0	0	0	0	0	6	0	11508	12	0	0	4	0	0	0	1	0	0	0	0	0	0	0	0	0	0	0	0	0	0	0	0	0	0	0	0	0	0	0	25	0	0	0	0	0	0	0	0	0	0	0	0	0	11563
5	0	0	0	3	0	0	0	0	0	0	0	0	0	0	0	0	1	2	2	11545	0	0	0	2	0	0	0	1	0	0	0	3	0	0	0	0	0	0	0	0	0	0	0	0	0	0	0	0	0	0	0	3	0	0	0	0	0	0	0	1	0	0	0	0	11563
6	0	0	0	0	0	0	0	0	0	0	0	0	0	8	0	0	0	0	0	0	0	0	0	0	0	0	0	0	0	0	0	0	0	2	0	0	0	0	0	0	0	9	0	0	9	11531	0	3	0	0	0	0	0	0	0	0	0	0	0	0	0	1	0	0	11563
7	0	0	0	0	0	1	0	0	0	0	0	0	0	0	0	0	0	0	0	0	0	1	0	0	0	0	0	0	0	0	0	0	0	9	0	0	1	11531	0	3	0	1	0	0	0	1	0	0	0	0	0	0	0	15	0	0	0	0	0	0	0	0	0	0	11563
8	0	0	2	0	1	0	11545	11	0	0	0	0	0	0	0	0	0	0	0	0	0	0	3	0	0	0	0	0	0	0	0	0	0	0	0	0	0	0	1	0	0	0	0	0	0	0	0	0	0	0	0	0	0	0	0	0	0	0	0	0	0	0	0	0	11563
9	0	0	0	0	0	0	0	0	0	0	0	0	0	9	0	0	0	0	0	0	0	0	0	0	0	0	0	0	0	3	0	0	0	10	0	0	0	4	0	0	0	17	0	0	11	11502	1	4	0	0	0	0	0	0	0	0	0	0	0	0	0	2	0	0	11563
10	0	0	0	0	0	0	2	0	0	0	0	0	0	0	0	0	0	0	0	0	0	0	11	0	0	0	1	0	0	0	0	0	0	0	0	0	0	0	10	1	0	0	0	0	0	0	0	0	0	0	15	0	1	3	11492	24	0	0	0	0	0	0	3	0	11563
11	0	0	0	0	0	0	0	0	0	0	0	0	0	0	0	0	0	0	0	0	0	0	0	0	0	0	0	0	0	0	0	0	0	0	1	0	0	0	1	0	0	0	6	0	1	0	11544	7	0	0	0	0	0	0	0	0	0	0	0	0	0	0	3	0	11563
12	0	0	0	0	0	0	0	0	0	0	1	0	0	0	3	0	0	0	0	0	0	0	0	0	0	0	0	0	0	0	0	0	0	0	0	0	0	0	0	0	0	0	0	0	0	0	3	0	0	0	7	0	0	0	1	0	0	0	2	0	1	0	11543	2	11563
13	0	0	17	0	2	1	11512	17	1	0	3	0	0	0	1	0	0	0	0	0	0	0	6	0	0	0	0	0	0	0	0	0	0	0	0	0	0	0	1	0	0	0	0	0	0	0	0	0	0	0	0	0	0	0	2	0	0	0	0	0	0	0	0	0	11563
14	33	0	58	71	17	17	76	91	3	1	7	27	229	27	724	777	56	34	27	11	188	20	40	70	9	35	65	12	22	226	35	37	172	18	231	347	85	5	141	50	1	2	5	5	867	283	154	536	5	3	968	600	4	17	934	1632	19	34	12	36	373	212	403	364	11563
15	0	0	12	0	0	0	0	0	0	0	0	0	0	0	0	0	0	0	2	0	0	0	0	0	0	0	0	0	0	0	1	0	3	1	11504	6	0	0	3	0	0	0	27	0	0	1	0	0	0	0	3	0	0	0	0	0	0	0	0	0	0	0	0	0	11563
16	0	0	0	0	0	0	5	2	0	0	0	0	0	0	0	0	0	0	0	0	0	0	4	0	0	0	0	0	0	0	0	0	0	0	17	0	19	6	11476	2	0	1	11	0	0	0	4	0	0	0	1	0	0	0	4	6	3	0	0	1	0	0	1	0	11563
17	0	0	0	0	0	0	0	0	0	0	0	0	0	1	0	0	0	0	0	0	0	0	0	0	0	0	0	0	0	6	0	0	0	0	0	0	0	0	0	0	0	0	0	0	0	9	0	0	0	1	0	0	0	1	0	0	0	6	0	0	1	11530	0	8	11563
18	1	0	0	0	11515	6	3	2	1	0	0	0	3	0	0	0	1	0	0	0	27	0	1	0	0	0	0	0	0	0	0	0	0	0	0	0	2	0	0	0	0	0	0	0	0	0	0	0	0	0	0	0	1	0	0	0	0	0	0	0	0	0	0	0	11563
19	0	0	5	0	0	0	0	0	0	0	0	0	0	0	0	0	3	1	11524	5	0	0	11	1	0	0	5	0	0	0	2	0	0	0	2	0	0	0	0	0	0	0	0	0	0	0	0	0	0	0	4	0	0	0	0	0	0	0	0	0	0	0	0	0	11563
20	0	0	0	0	0	0	0	0	1	0	0	0	6	0	0	0	0	0	0	0	0	0	0	0	0	0	0	0	2	0	0	0	0	0	0	0	0	0	0	0	1	0	0	0	16	0	1	0	1	0	0	0	2	0	0	0	5	0	0	0	11493	6	3	26	11563
21	0	0	0	0	0	0	0	0	0	0	0	0	0	0	3	0	0	0	0	0	0	0	0	0	0	0	0	0	0	0	0	0	0	0	1	0	0	0	3	0	0	0	12	1	0	0	11534	3	0	0	0	0	0	0	0	0	0	0	0	0	0	0	6	0	11563
22	0	0	0	0	0	0	0	0	0	0	1	0	0	0	0	1	0	0	0	0	0	0	0	0	0	0	0	0	0	3	0	0	0	0	0	0	0	0	0	0	0	0	0	0	0	5	0	0	0	1	0	0	0	4	0	0	0	4	0	0	0	11540	0	4	11563
23	0	0	0	2	0	0	0	5	0	0	0	0	3	4	5	11534	0	0	0	0	0	0	0	0	0	0	0	0	1	0	0	7	0	0	0	0	0	0	0	0	0	0	0	0	0	0	0	0	0	0	0	0	0	0	0	0	0	0	0	0	0	0	0	2	11563
24	0	0	0	0	0	0	0	0	0	1	0	0	2	0	0	0	6	0	0	0	3	0	0	0	0	0	0	0	11523	3	2	1	0	0	0	0	0	0	0	0	0	0	0	0	0	0	0	0	1	0	0	0	0	0	0	0	0	0	0	0	21	0	0	0	11563
25	0	6	0	0	0	2	0	0	3	11473	1	57	0	15	0	0	0	0	0	0	0	0	0	0	0	2	0	0	0	0	0	0	0	0	0	0	0	0	0	0	0	2	0	0	0	0	0	0	0	0	0	0	0	0	0	0	0	2	0	0	0	0	0	0	11563
26	0	23	0	0	2	11508	1	3	0	1	0	0	0	13	0	0	0	1	0	0	0	9	0	0	0	0	0	0	0	0	0	0	0	0	0	0	0	1	0	0	0	0	0	0	0	0	0	0	0	0	0	0	0	0	0	0	0	0	0	0	0	0	0	0	11562
27	0	0	0	0	0	0	0	0	0	0	0	0	0	0	0	0	0	0	0	0	0	0	0	0	0	0	0	0	0	0	0	0	0	0	0	0	0	0	0	0	0	0	0	0	0	0	0	0	0	0	0	0	0	0	0	0	0	0	0	0	0	0	0	0	0
28	0	0	0	0	0	0	0	0	0	0	0	0	0	0	0	0	0	0	0	0	0	0	0	0	0	0	0	0	0	0	0	0	0	0	0	0	0	0	0	0	0	0	0	0	0	0	0	0	0	0	0	0	0	0	0	0	0	0	0	0	0	0	0	0	0
