	AAA	AAG	AAC	AAT	AGA	AGG	AGC	AGT	ACA	ACG	ACC	ACT	ATA	ATG	ATC	ATT	GAA	GAG	GAC	GAT	GGA	GGG	GGC	GGT	GCA	GCG	GCC	GCT	GTA	GTG	GTC	GTT	CAA	CAG	CAC	CAT	CGA	CGG	CGC	CGT	CCA	CCG	CCC	CCT	CTA	CTG	CTC	CTT	TAA	TAG	TAC	TAT	TGA	TGG	TGC	TGT	TCA	TCG	TCC	TCT	TTA	TTG	TTC	TTT	SUM
0	0	0	0	0	0	0	0	0	8	0	0	0	0	0	0	0	36	0	0	0	2	0	0	0	70171	7	7	8	12	0	0	0	0	0	0	0	0	0	0	0	1	0	0	0	0	0	0	0	0	0	0	0	0	0	0	0	40	0	0	0	0	0	0	0	70292
1	0	0	0	0	0	0	0	0	0	0	0	0	0	0	0	22	0	0	0	0	0	0	0	0	0	0	0	0	0	0	0	1	0	0	0	10	1	0	0	1	0	0	0	6	5	3	10	70215	0	0	0	0	0	0	0	0	0	0	0	0	0	0	0	18	70292
2	0	0	8	0	0	0	0	0	0	0	7	0	22	4	70219	12	0	0	0	0	0	0	0	0	0	0	0	0	0	0	11	0	0	0	0	0	0	0	0	0	0	0	0	0	0	0	3	0	0	0	0	0	0	0	0	0	0	0	0	0	0	0	5	0	70291
3	0	0	0	0	0	6	0	0	0	0	0	0	0	0	0	0	0	0	0	0	0	8	0	0	0	0	0	0	0	1	0	0	0	0	0	0	0	17	0	0	0	0	0	0	0	0	0	0	0	7	0	0	43	70093	2	40	0	1	0	0	0	69	0	4	70291
4	0	0	25	0	0	0	0	0	0	0	0	0	0	0	0	0	28	4	70058	105	0	0	24	0	0	0	9	0	0	0	1	0	0	0	4	0	0	0	0	0	0	0	0	0	0	0	0	0	0	0	32	0	0	0	0	0	0	0	0	0	0	0	0	0	70290
5	0	0	0	31	0	0	0	0	0	0	0	0	0	0	0	0	6	3	19	70189	0	0	0	10	0	0	0	13	0	0	0	10	0	0	0	1	0	0	0	0	0	0	0	0	0	0	0	0	0	0	0	7	0	0	0	0	0	0	0	1	0	0	0	0	70290
6	0	1	0	0	0	0	0	0	0	0	0	0	0	13	0	0	0	0	0	0	0	1	0	0	0	0	0	0	0	2	0	0	1	12	0	0	0	6	0	0	0	29	0	0	40	70140	1	6	0	0	0	0	0	0	0	0	0	0	0	0	0	38	0	0	70290
7	0	0	0	0	0	17	0	0	0	0	0	0	0	0	0	0	0	0	0	0	0	5	0	0	0	1	0	0	0	0	0	0	0	45	0	0	12	70077	3	8	0	1	0	0	0	10	0	0	0	0	0	0	0	111	0	0	0	0	0	0	0	0	0	0	70290
8	0	0	31	0	28	5	70092	85	0	1	0	0	0	0	6	0	0	0	0	0	0	0	27	0	0	0	0	0	0	0	0	0	0	0	0	0	0	0	12	0	0	0	0	0	0	0	0	0	0	0	0	0	0	0	3	0	0	0	0	0	0	0	0	0	70290
9	0	0	0	0	0	0	0	0	0	0	0	0	0	37	0	0	0	0	0	0	0	0	0	0	0	0	0	0	0	5	0	0	0	46	0	0	1	28	0	2	0	84	0	0	55	69962	3	41	0	0	0	0	0	0	0	0	0	0	0	0	0	24	0	2	70290
10	0	0	0	0	0	0	17	0	0	0	0	0	0	0	0	0	0	0	0	0	0	0	69	0	0	0	1	0	0	0	2	0	0	0	0	0	0	0	34	0	0	0	0	0	0	0	0	0	0	0	85	0	21	15	69845	164	0	0	2	0	0	0	35	0	70290
11	0	0	1	0	0	0	0	0	0	0	0	0	0	0	12	0	0	0	0	0	0	0	1	0	0	0	0	0	0	0	0	0	0	0	12	0	0	0	16	0	0	0	45	0	7	3	70134	35	0	0	0	0	0	0	0	0	0	0	0	0	0	0	24	0	70290
12	0	0	1	0	0	0	0	0	0	0	0	0	0	0	20	1	0	0	0	0	1	0	0	0	0	0	0	0	0	0	5	0	0	0	0	0	0	0	0	0	0	0	0	0	0	0	21	0	0	0	12	0	0	0	15	0	0	0	10	0	22	7	70146	29	70290
13	0	0	47	0	28	15	70035	45	1	0	7	1	0	1	29	0	0	0	0	0	1	0	45	0	0	0	0	0	0	1	0	0	0	0	1	0	0	0	15	0	0	0	0	0	0	0	0	0	0	0	0	0	1	1	16	0	0	0	0	0	0	0	0	0	70290
14	1	0	7	0	0	0	0	0	0	0	0	0	0	0	0	0	0	0	10	0	0	0	0	0	0	0	0	0	0	0	0	0	1	0	31	0	0	0	0	0	0	0	0	0	0	0	0	0	23	2	70085	16	0	0	24	0	0	0	29	0	1	0	60	0	70290
15	2	0	33	0	0	0	0	0	0	0	3	0	0	0	0	0	0	0	9	0	0	0	0	0	0	0	0	0	0	0	0	0	23	3	70029	34	0	0	13	0	0	0	116	0	0	0	12	0	0	0	12	0	0	0	0	0	0	0	1	0	0	0	0	0	70290
16	0	1	1	0	2	0	18	0	0	0	0	0	0	0	2	0	0	0	0	0	1	0	10	1	0	0	0	0	0	0	1	0	1	1	195	0	16	29	69789	76	0	2	54	4	1	1	26	0	0	0	0	0	0	1	52	1	0	0	0	0	0	0	2	1	70289
17	0	0	0	0	0	1	0	0	0	0	0	0	0	17	0	0	0	0	0	0	0	0	0	0	0	0	0	0	0	36	0	2	0	0	0	0	0	1	0	0	0	0	0	0	1	37	0	0	0	6	0	0	0	25	0	1	0	27	0	0	19	70055	3	58	70289
18	24	3	1	0	69915	62	17	15	4	1	0	0	26	0	1	0	2	2	0	0	172	2	2	0	0	0	0	0	1	0	0	0	0	0	0	0	9	0	0	0	0	0	0	0	0	0	0	0	0	0	0	0	29	0	0	0	0	0	0	0	0	0	1	0	70289
19	0	1	51	1	0	0	4	0	0	0	0	0	0	0	1	0	29	4	69962	42	2	0	108	0	1	1	24	0	1	0	24	0	0	0	3	0	0	0	0	0	0	0	0	0	0	0	1	0	0	0	26	0	0	0	1	0	0	0	0	0	0	0	1	0	70288
20	2	0	0	0	0	0	0	0	0	0	0	0	38	0	0	1	0	0	0	0	0	0	0	0	0	0	1	0	25	0	0	0	2	0	1	0	0	0	0	0	0	0	1	0	75	0	3	4	15	0	3	1	13	0	2	0	29	0	0	0	69850	42	36	144	70288
21	0	0	0	0	0	0	1	0	0	0	0	0	1	0	28	1	0	0	0	0	0	0	0	0	0	0	0	0	0	0	6	0	1	1	11	0	0	0	20	1	0	0	63	0	12	7	70050	44	0	0	0	0	0	0	1	0	0	0	1	0	0	1	38	0	70288
22	0	0	0	0	0	0	0	0	0	0	0	0	1	7	0	1	0	0	0	0	0	0	0	0	0	0	0	0	0	13	0	0	0	0	0	0	0	0	0	0	0	0	0	0	0	35	0	0	0	9	0	0	1	9	0	0	0	14	0	0	7	70142	2	47	70288
23	1	0	0	40	0	1	0	24	0	0	0	16	10	33	16	70065	0	0	0	0	0	0	0	0	0	0	0	0	1	0	0	40	0	0	0	0	0	0	0	0	0	0	0	0	0	0	0	4	0	0	0	1	0	0	0	0	0	0	0	0	0	0	0	36	70288
24	1	0	0	0	0	0	0	0	0	1	0	0	55	1	0	0	67	0	0	0	45	0	0	1	38	0	0	0	69881	33	9	32	0	0	0	0	0	0	0	0	0	0	0	0	3	0	0	0	4	0	0	1	3	0	0	0	0	0	0	0	111	0	0	2	70288
25	1	38	2	0	1	8	0	0	49	70085	19	8	0	31	0	0	0	0	0	0	0	0	0	0	0	21	0	0	0	0	0	0	0	0	0	0	1	0	0	0	0	21	0	0	0	0	0	0	0	0	0	0	0	0	0	0	0	2	0	0	0	0	0	0	70287
26	1	142	0	1	22	69911	5	38	0	4	0	0	1	53	0	0	0	4	0	0	1	83	0	0	0	0	0	0	0	1	0	0	0	1	0	0	0	8	0	1	0	1	0	0	0	0	0	0	0	0	0	0	0	8	0	0	0	0	0	0	0	0	0	0	70286
27	0	0	0	0	0	0	0	0	0	0	0	0	0	0	0	0	0	0	0	0	0	0	0	0	0	0	0	0	0	0	0	0	0	0	0	0	0	0	0	0	0	0	0	0	0	0	0	0	0	0	0	0	0	0	0	0	0	0	0	0	0	0	0	0	0
28	0	0	0	0	0	0	0	0	0	0	0	0	0	0	0	0	0	0	0	0	0	0	0	0	0	0	0	0	0	0	0	0	0	0	0	0	0	0	0	0	0	0	0	0	0	0	0	0	0	0	0	0	0	0	0	0	0	0	0	0	0	0	0	0	0
