	AAA	AAG	AAC	AAT	AGA	AGG	AGC	AGT	ACA	ACG	ACC	ACT	ATA	ATG	ATC	ATT	GAA	GAG	GAC	GAT	GGA	GGG	GGC	GGT	GCA	GCG	GCC	GCT	GTA	GTG	GTC	GTT	CAA	CAG	CAC	CAT	CGA	CGG	CGC	CGT	CCA	CCG	CCC	CCT	CTA	CTG	CTC	CTT	TAA	TAG	TAC	TAT	TGA	TGG	TGC	TGT	TCA	TCG	TCC	TCT	TTA	TTG	TTC	TTT	SUM
0	0	0	0	0	0	0	0	0	4	0	0	0	0	0	0	0	2	0	0	0	0	0	0	0	15086	0	1	2	1	0	0	0	0	0	0	0	0	0	0	0	1	0	0	0	0	0	0	0	0	0	0	0	0	0	0	0	10	0	0	0	0	0	0	0	15107
1	0	0	0	0	0	0	0	0	0	0	0	0	0	0	0	4	0	0	0	0	0	0	0	0	0	0	0	0	0	0	0	0	0	0	0	9	0	0	0	2	0	0	0	1	2	0	2	15083	0	0	0	0	0	0	0	0	0	0	0	0	0	0	0	4	15107
2	0	0	0	0	0	0	0	0	0	0	1	0	5	0	15099	1	0	0	0	0	0	0	0	0	0	0	0	0	0	0	1	0	0	0	0	0	0	0	0	0	0	0	0	0	0	0	0	0	0	0	0	0	0	0	0	0	0	0	0	0	0	0	0	0	15107
3	0	0	0	0	0	0	0	0	0	0	0	0	0	0	0	0	0	0	0	0	0	1	0	0	0	0	0	0	0	0	0	0	0	0	0	0	0	3	0	0	0	0	0	0	0	0	0	0	0	2	0	0	3	15063	0	16	0	0	0	0	0	19	0	0	15107
4	0	0	5	0	0	0	0	0	0	0	0	0	0	0	0	0	42	0	14986	39	0	0	0	0	0	0	3	0	0	0	0	0	0	0	1	0	0	0	0	0	0	0	0	0	0	0	0	0	0	0	31	0	0	0	0	0	0	0	0	0	0	0	0	0	15107
5	0	0	0	10	0	0	0	0	0	0	0	0	0	0	0	0	4	1	3	15073	0	0	0	2	0	0	0	2	0	0	0	1	0	0	0	0	0	0	0	0	0	0	0	0	0	0	0	0	0	0	0	11	0	0	0	0	0	0	0	0	0	0	0	0	15107
6	0	0	0	0	0	0	0	0	0	0	0	0	0	3	0	0	0	0	0	0	0	0	0	0	0	0	0	0	0	0	0	0	0	2	0	0	0	2	0	0	0	4	0	0	14	15052	2	28	0	0	0	0	0	0	0	0	0	0	0	0	0	0	0	0	15107
7	0	0	0	0	0	1	0	0	0	0	0	0	0	0	0	0	0	0	0	0	0	2	0	0	0	0	0	0	0	0	0	0	0	34	0	0	3	14937	0	33	0	0	0	0	0	10	0	0	0	0	0	0	1	85	0	1	0	0	0	0	0	0	0	0	15107
8	0	0	9	0	57	0	15004	23	0	0	0	0	0	0	6	0	0	0	0	0	0	0	4	0	0	0	0	0	0	0	0	0	0	0	1	0	0	0	3	0	0	0	0	0	0	0	0	0	0	0	0	0	0	0	0	0	0	0	0	0	0	0	0	0	15107
9	0	0	0	0	0	0	0	0	0	0	0	0	0	32	0	0	0	0	0	0	0	0	0	0	0	0	0	0	0	2	0	0	0	10	0	0	0	4	0	0	1	16	0	0	18	14993	1	26	0	0	0	0	0	0	0	0	0	0	0	0	0	4	0	0	15107
10	0	0	0	0	0	0	2	0	0	0	0	0	0	0	0	0	0	0	0	0	0	0	12	0	0	0	0	0	0	0	0	0	0	0	0	0	0	0	8	0	0	0	0	0	0	0	0	0	0	0	18	0	2	2	14966	55	0	0	0	0	0	0	42	0	15107
11	0	0	0	0	0	0	0	0	0	0	0	0	0	0	9	0	0	0	0	0	0	0	0	0	0	0	0	0	0	0	1	0	0	0	4	0	0	0	2	0	0	0	12	0	2	0	15069	4	0	0	0	0	0	0	0	0	0	0	0	0	0	0	3	1	15107
12	0	0	0	0	0	0	0	0	0	0	0	0	0	0	1	0	0	0	0	0	0	0	0	0	0	0	0	0	0	0	0	0	0	0	0	0	0	0	0	0	0	0	0	0	0	0	3	0	0	0	2	0	0	0	1	0	0	0	10	0	2	1	15082	5	15107
13	0	0	7	0	4	1	15066	4	0	0	1	0	0	2	4	0	0	0	0	0	0	0	13	0	0	0	0	0	0	0	0	0	0	0	0	0	0	0	2	0	0	0	0	0	0	0	0	0	0	0	0	0	0	0	3	0	0	0	0	0	0	0	0	0	15107
14	0	0	0	0	0	0	0	0	0	0	0	0	0	0	1	0	0	0	0	0	0	0	0	0	0	0	0	0	0	0	0	0	0	0	7	0	0	0	0	0	0	0	2	0	0	0	0	0	5	0	15067	6	0	0	4	0	0	0	6	0	0	0	9	0	15107
15	0	0	8	0	0	0	0	0	0	0	0	0	0	0	0	0	0	0	2	0	0	0	0	0	0	0	0	0	0	0	2	0	3	1	15048	2	0	0	2	0	0	0	33	0	0	0	2	0	0	0	3	0	0	0	0	0	0	0	0	0	0	0	1	0	15107
16	0	0	0	0	0	1	5	1	0	0	0	0	0	1	0	0	0	0	0	0	0	0	3	0	0	0	0	0	0	0	0	0	0	0	32	0	3	9	15014	13	0	0	13	0	0	0	2	0	0	0	0	0	0	0	9	1	0	0	0	0	0	0	0	0	15107
17	0	0	0	0	0	0	0	0	0	0	0	0	0	6	0	0	0	0	0	0	0	0	0	0	0	0	0	0	0	7	0	0	0	0	0	0	0	0	0	0	0	0	0	0	0	12	0	1	0	1	0	0	0	7	0	0	0	1	0	0	6	15046	0	20	15107
18	27	34	373	169	385	320	371	288	265	264	368	202	66	271	107	127	119	117	110	170	391	740	379	263	195	623	541	330	119	116	87	237	276	288	478	241	204	268	390	251	11	15	17	14	127	246	334	102	4	4	346	365	9	245	385	245	219	128	438	472	70	477	138	126	15107
19	0	0	9	0	0	0	0	0	0	0	0	0	0	0	0	0	5	2	15040	4	1	0	20	0	0	0	4	0	0	0	0	0	0	0	5	0	0	0	0	0	0	0	0	0	0	0	0	0	0	0	15	0	0	0	0	0	0	0	0	0	0	1	1	0	15107
20	0	0	0	0	0	0	0	0	0	0	0	0	0	0	0	1	0	0	0	0	1	0	0	0	0	0	0	0	1	0	0	0	1	0	0	0	0	0	0	0	0	0	0	0	22	0	1	0	3	0	0	0	2	0	0	0	7	0	0	0	15018	10	5	35	15107
21	0	0	0	0	0	0	0	0	0	0	0	0	1	0	5	0	0	0	0	0	0	0	0	0	0	0	0	0	1	0	1	0	0	0	1	0	0	0	7	0	0	0	12	1	3	2	15058	8	0	0	0	0	0	0	0	0	0	0	0	0	0	0	7	0	15107
22	0	1	0	0	0	0	0	0	0	1	0	0	0	1	0	1	0	0	0	0	0	0	0	0	0	0	0	0	1	3	0	0	0	0	0	0	0	0	0	0	0	0	0	0	0	14	0	0	0	0	0	0	0	6	0	0	0	4	0	0	2	15066	1	6	15107
23	0	0	0	9	0	1	0	2	0	0	0	2	0	1	6	15070	0	0	0	0	0	0	0	0	0	0	0	0	1	0	0	8	0	0	0	0	0	0	0	0	0	0	0	0	0	0	0	1	0	0	0	0	0	0	0	0	0	0	0	0	0	0	0	6	15107
24	0	0	0	0	0	0	0	0	0	1	0	0	7	0	0	0	6	0	0	0	3	0	0	0	8	0	0	0	15044	7	0	6	0	0	0	0	0	0	0	0	0	0	0	0	0	0	0	0	2	0	0	0	0	0	0	0	0	0	0	0	22	0	0	0	15106
25	0	3	0	0	0	1	0	0	47	15045	4	1	0	3	0	0	0	0	0	0	0	0	0	0	0	1	0	0	0	0	0	0	0	0	0	0	0	0	0	0	0	1	0	0	0	0	0	0	0	0	0	0	0	0	0	0	0	0	0	0	0	0	0	0	15106
26	0	26	0	0	5	14453	0	12	0	1	0	0	11	571	0	1	0	1	0	0	1	18	0	0	0	0	0	0	1	0	0	0	0	0	0	0	0	1	0	0	0	0	0	0	0	0	0	0	0	0	0	0	0	3	0	0	0	0	0	0	0	0	0	0	15105
27	0	0	0	0	0	0	0	0	0	0	0	0	0	0	0	0	0	0	0	0	0	0	0	0	0	0	0	0	0	0	0	0	0	0	0	0	0	0	0	0	0	0	0	0	0	0	0	0	0	0	0	0	0	0	0	0	0	0	0	0	0	0	0	0	0
28	0	0	0	0	0	0	0	0	0	0	0	0	0	0	0	0	0	0	0	0	0	0	0	0	0	0	0	0	0	0	0	0	0	0	0	0	0	0	0	0	0	0	0	0	0	0	0	0	0	0	0	0	0	0	0	0	0	0	0	0	0	0	0	0	0
