	AAA	AAG	AAC	AAT	AGA	AGG	AGC	AGT	ACA	ACG	ACC	ACT	ATA	ATG	ATC	ATT	GAA	GAG	GAC	GAT	GGA	GGG	GGC	GGT	GCA	GCG	GCC	GCT	GTA	GTG	GTC	GTT	CAA	CAG	CAC	CAT	CGA	CGG	CGC	CGT	CCA	CCG	CCC	CCT	CTA	CTG	CTC	CTT	TAA	TAG	TAC	TAT	TGA	TGG	TGC	TGT	TCA	TCG	TCC	TCT	TTA	TTG	TTC	TTT	SUM
0	0	0	0	0	0	0	0	0	5	0	0	0	0	0	0	0	14	0	0	0	0	0	0	0	26141	4	5	2	7	0	0	0	0	0	0	0	0	0	0	0	0	0	0	0	0	0	0	0	0	0	0	0	0	0	0	0	20	0	0	0	0	0	0	0	26198
1	0	0	0	0	0	0	0	1	0	0	0	0	0	0	0	9	0	0	0	0	0	0	0	0	0	0	0	0	0	0	0	4	0	0	0	5	0	0	0	2	0	0	0	1	3	0	4	26165	0	0	0	0	0	0	0	0	0	0	0	0	0	0	0	4	26198
2	0	0	3	0	0	0	0	0	0	0	4	0	14	2	26160	11	0	0	0	0	0	0	0	0	0	0	0	0	0	0	4	0	0	0	0	0	0	0	0	0	0	0	0	0	0	0	0	0	0	0	0	0	0	0	0	0	0	0	0	0	0	0	0	0	26198
3	0	0	0	0	1	0	0	0	0	0	0	0	0	0	0	0	0	0	0	0	0	3	0	0	0	0	0	0	0	0	0	0	0	0	0	0	0	6	0	0	0	0	0	0	0	0	0	0	0	2	0	0	15	26072	4	55	0	2	0	0	0	38	0	0	26198
4	0	0	13	0	0	0	0	0	0	0	0	0	0	0	0	0	103	1	25959	79	0	0	9	0	0	0	4	0	0	0	1	0	0	0	1	0	0	0	0	0	0	0	0	0	0	0	0	0	0	0	28	0	0	0	0	0	0	0	0	0	0	0	0	0	26198
5	0	0	0	17	0	0	0	0	0	0	0	0	0	0	0	0	2	8	11	26132	0	0	0	5	0	0	0	5	0	0	0	1	0	0	0	1	0	0	0	0	0	0	0	0	0	0	0	0	0	0	0	16	0	0	0	0	0	0	0	0	0	0	0	0	26198
6	0	0	0	0	0	0	0	0	0	0	0	0	0	10	0	0	0	0	0	0	0	0	0	0	0	0	0	0	0	2	0	0	0	3	0	0	0	1	0	0	0	18	0	0	18	26124	1	5	0	0	0	0	0	0	0	0	0	0	0	0	0	16	0	0	26198
7	0	1	0	0	0	9	0	0	0	0	0	0	0	0	0	0	0	0	0	0	0	1	0	0	0	0	0	0	0	0	0	0	0	16	0	0	13	26098	1	2	0	1	0	0	0	5	0	1	0	0	0	0	0	50	0	0	0	0	0	0	0	0	0	0	26198
8	0	0	11	0	8	3	26127	24	0	0	1	0	0	1	3	0	0	0	0	0	0	0	10	0	0	0	0	0	0	0	0	0	0	0	0	0	0	0	5	0	0	0	0	0	0	2	0	0	0	0	0	0	0	0	3	0	0	0	0	0	0	0	0	0	26198
9	0	0	0	0	0	0	0	0	0	0	0	0	1	18	0	0	0	0	0	0	0	0	0	0	0	0	0	0	0	3	0	0	0	15	0	0	0	10	0	1	0	37	1	0	15	26048	2	32	0	0	0	0	0	0	0	1	0	0	0	0	0	13	1	0	26198
10	0	0	0	0	0	0	7	0	0	0	0	0	0	0	0	0	0	0	0	0	0	0	21	0	0	0	0	0	0	0	2	0	0	0	0	0	0	0	16	0	0	0	1	0	0	0	1	0	0	0	34	0	7	6	26018	72	0	0	0	0	0	1	12	0	26198
11	0	0	0	0	0	0	0	0	0	0	0	0	0	0	13	0	0	0	0	0	0	0	0	0	0	0	0	0	0	0	1	0	0	0	3	0	0	0	6	0	1	0	27	0	0	2	26123	11	0	0	0	0	0	0	0	0	0	0	0	0	0	0	11	0	26198
12	0	0	1	0	0	0	2	0	0	0	0	0	0	0	2	0	0	0	0	0	0	0	0	0	0	0	0	0	0	0	1	0	0	0	0	0	0	0	0	0	0	0	0	0	0	0	14	0	0	0	6	0	0	0	6	0	1	0	9	0	3	2	26137	14	26198
13	0	0	16	0	10	4	26105	10	0	0	5	0	0	0	8	0	0	1	0	0	0	0	14	0	0	0	0	1	0	0	0	0	0	0	0	0	0	0	10	0	0	0	0	1	0	0	2	0	0	0	2	0	0	0	7	0	0	0	0	0	0	0	1	0	26197
14	1	0	3	0	0	0	0	0	0	0	0	0	0	0	0	0	0	0	3	0	0	1	0	0	0	0	0	0	0	0	1	0	0	0	12	1	0	0	2	0	0	0	1	0	0	0	0	0	9	0	26116	9	0	0	7	0	1	0	6	0	0	0	23	1	26197
15	307	358	592	185	83	48	192	199	353	529	452	486	291	496	285	323	599	1793	687	752	129	79	205	135	431	1454	523	499	607	1584	228	691	728	872	1342	634	141	204	316	203	120	179	216	138	401	804	68	484	23	33	572	313	6	68	251	79	361	529	158	208	209	496	162	304	26197
16	0	0	0	0	2	0	13	0	0	0	0	0	0	0	0	0	0	0	0	0	1	1	14	1	0	0	0	0	0	1	1	0	0	0	62	1	6	15	25966	33	0	1	25	0	0	1	23	1	0	0	0	0	0	0	24	1	0	0	1	0	0	3	0	0	26197
17	0	0	0	0	1	0	0	0	0	0	0	0	0	6	0	1	0	0	2	0	1	1	0	0	0	0	0	0	0	13	0	0	0	0	0	0	0	0	0	0	0	0	0	0	0	20	0	1	0	2	0	0	0	18	0	0	0	9	1	0	8	26086	0	27	26197
18	11	2	0	0	26059	17	8	1	0	0	1	0	6	0	1	0	0	0	3	0	72	3	0	0	0	0	0	0	1	1	0	0	0	0	0	0	2	0	0	0	0	0	0	0	0	0	1	1	0	0	0	0	6	0	0	0	0	0	0	0	1	0	0	0	26197
19	0	1	13	1	0	0	0	0	0	0	1	0	0	0	0	0	11	2	26096	11	0	0	29	0	0	0	8	0	0	0	9	0	0	0	2	0	0	0	0	0	0	0	1	0	0	0	1	0	0	0	7	0	0	0	0	0	0	0	0	0	1	0	0	3	26197
20	0	0	0	0	0	0	0	0	0	0	0	0	7	0	0	1	0	0	1	0	0	1	0	0	0	0	0	0	10	1	0	0	0	0	0	0	0	0	0	0	0	0	0	0	20	0	5	2	5	1	0	0	6	0	0	0	13	0	0	0	26031	24	13	56	26197
21	0	0	0	0	0	0	0	0	0	0	0	0	0	0	3	2	0	0	0	0	0	0	0	0	0	0	0	0	1	0	2	0	0	0	3	0	0	0	6	0	0	0	27	1	3	6	26106	15	0	0	0	0	0	0	1	0	0	0	0	0	0	3	16	1	26196
22	0	0	0	0	0	0	0	0	0	0	1	0	0	3	0	2	0	0	0	0	0	0	0	0	0	0	0	0	2	6	0	3	0	0	0	0	0	0	0	0	0	0	0	0	0	6	0	0	0	2	0	0	0	3	0	0	0	5	0	0	7	26134	1	21	26196
23	0	0	0	16	0	1	0	7	0	2	0	8	3	6	10	26101	0	0	0	0	0	0	0	0	0	0	0	0	2	0	0	20	0	0	0	0	0	0	0	0	0	0	0	0	0	0	0	1	0	0	0	0	0	0	0	1	0	0	0	0	2	0	0	16	26196
24	0	0	0	0	0	1	0	0	1	3	0	0	27	0	0	0	15	2	0	0	15	0	0	0	6	0	0	0	26032	8	4	7	0	0	0	0	0	0	0	0	0	0	0	0	0	0	0	0	0	0	0	0	1	0	0	0	0	0	0	0	70	0	0	3	26195
25	1	47	0	0	0	10	0	0	46	26009	7	61	0	5	0	0	0	0	0	0	0	0	0	0	0	0	0	0	0	0	0	0	0	0	0	0	1	0	0	0	0	4	0	0	0	0	0	0	0	0	0	0	0	0	0	0	0	2	0	0	0	0	0	0	26193
26	0	35	0	0	11	26037	1	22	0	1	0	0	0	46	0	0	0	2	0	0	0	28	0	0	0	0	0	0	0	0	0	0	0	0	0	0	0	3	0	0	0	0	0	0	0	0	0	0	0	0	0	0	0	2	0	0	0	0	0	0	0	0	0	0	26188
27	0	0	0	0	0	0	0	0	0	0	0	0	0	0	0	0	0	0	0	0	0	0	0	0	0	0	0	0	0	0	0	0	0	0	0	0	0	0	0	0	0	0	0	0	0	0	0	0	0	0	0	0	0	0	0	0	0	0	0	0	0	0	0	0	0
28	0	0	0	0	0	0	0	0	0	0	0	0	0	0	0	0	0	0	0	0	0	0	0	0	0	0	0	0	0	0	0	0	0	0	0	0	0	0	0	0	0	0	0	0	0	0	0	0	0	0	0	0	0	0	0	0	0	0	0	0	0	0	0	0	0
