	AAA	AAG	AAC	AAT	AGA	AGG	AGC	AGT	ACA	ACG	ACC	ACT	ATA	ATG	ATC	ATT	GAA	GAG	GAC	GAT	GGA	GGG	GGC	GGT	GCA	GCG	GCC	GCT	GTA	GTG	GTC	GTT	CAA	CAG	CAC	CAT	CGA	CGG	CGC	CGT	CCA	CCG	CCC	CCT	CTA	CTG	CTC	CTT	TAA	TAG	TAC	TAT	TGA	TGG	TGC	TGT	TCA	TCG	TCC	TCT	TTA	TTG	TTC	TTT	SUM
0	0	0	0	0	0	0	0	0	2	0	0	0	0	0	0	0	14	0	0	0	2	0	0	0	22707	2	2	5	4	0	0	0	0	0	0	0	0	0	0	0	1	0	0	0	0	0	0	0	0	0	0	0	0	0	0	0	9	0	0	0	0	0	0	0	22748
1	0	0	0	0	0	0	0	0	0	0	0	0	0	0	0	8	0	0	0	0	0	0	0	0	0	0	0	0	0	0	0	2	0	0	0	1	0	0	0	0	0	0	0	1	2	1	4	22724	0	0	0	0	0	0	0	0	0	0	0	0	0	0	0	5	22748
2	0	0	2	0	0	0	1	0	0	0	3	0	9	0	22714	6	0	0	0	0	0	0	0	0	0	0	0	0	0	0	7	0	0	0	0	0	0	0	0	0	0	0	0	0	0	0	5	0	0	0	0	0	0	0	0	0	0	0	0	0	0	0	1	0	22748
3	0	0	0	0	0	1	0	0	0	0	0	0	0	0	0	0	0	0	0	0	0	0	0	0	0	0	0	0	0	0	0	0	0	0	0	0	0	4	0	0	0	0	0	0	0	0	0	0	0	0	0	0	5	22669	0	43	0	1	0	0	0	23	0	2	22748
4	0	0	8	0	0	0	0	0	0	0	0	0	0	0	0	0	46	1	22657	19	0	0	6	0	0	0	2	0	0	0	0	0	0	0	1	0	0	0	0	0	0	0	0	0	0	0	0	0	0	0	7	0	0	0	0	0	0	0	1	0	0	0	0	0	22748
5	0	0	0	8	0	0	0	0	0	0	0	0	0	0	0	0	5	1	7	22709	0	0	0	4	0	0	0	2	0	0	0	3	0	0	0	0	0	0	0	0	0	0	0	0	0	0	0	0	0	0	0	9	0	0	0	0	0	0	0	0	0	0	0	0	22748
6	0	0	0	0	0	0	0	0	0	0	0	0	0	15	0	0	0	0	0	0	0	0	0	0	0	0	0	0	0	1	0	0	0	4	0	0	0	0	0	0	0	14	0	1	23	22624	2	53	0	0	0	0	0	0	0	0	0	0	0	0	0	11	0	0	22748
7	0	0	0	0	0	5	0	0	0	0	0	0	0	0	0	0	0	0	0	0	0	3	0	0	0	0	0	0	0	0	0	0	0	30	0	0	15	22454	1	35	0	1	0	0	0	77	0	1	0	0	0	0	0	126	0	0	0	0	0	0	0	0	0	0	22748
8	0	0	12	0	27	0	22668	21	0	0	0	0	0	0	11	0	0	0	0	0	0	0	3	0	0	0	0	0	0	0	0	0	0	0	0	0	0	0	5	0	0	0	0	0	1	0	0	0	0	0	0	0	0	0	0	0	0	0	0	0	0	0	0	0	22748
9	0	0	0	0	0	0	0	0	0	0	0	0	0	34	0	0	0	0	0	0	0	0	0	0	0	0	0	0	0	3	0	0	0	15	0	0	0	6	0	0	0	29	0	1	14	22523	0	113	0	0	0	0	0	0	0	0	0	0	0	0	0	10	0	0	22748
10	0	0	0	0	0	0	2	0	0	0	0	0	0	0	0	0	0	0	0	0	0	1	21	0	0	0	0	0	0	0	0	0	0	0	0	0	0	0	6	0	0	0	0	0	0	0	0	0	0	0	21	0	4	4	22547	81	0	0	3	0	0	0	58	0	22748
11	0	0	0	0	0	0	0	0	0	0	0	0	0	0	16	0	0	0	0	0	0	0	0	0	0	0	0	0	0	0	1	0	0	0	8	0	0	0	3	0	0	0	19	0	1	2	22680	14	0	0	0	0	0	0	0	0	0	0	0	0	0	0	4	0	22748
12	0	0	0	0	0	0	0	0	0	0	0	0	0	0	1	0	0	0	0	0	0	0	0	0	0	0	0	0	0	0	1	0	0	0	0	0	0	0	0	0	0	0	0	0	0	0	9	0	0	0	1	0	0	0	3	0	0	0	6	0	7	0	22712	8	22748
13	0	0	22	0	8	1	22671	12	0	0	2	1	0	0	7	0	0	0	0	0	0	0	11	0	0	0	0	0	0	0	0	0	0	0	0	0	0	1	8	0	0	0	0	0	0	0	1	0	0	0	0	0	0	0	3	0	0	0	0	0	0	0	0	0	22748
14	0	0	1	0	0	0	0	0	0	0	0	0	0	0	0	0	0	0	1	0	0	0	0	0	0	0	0	0	0	0	0	0	0	0	14	0	0	0	0	0	0	0	0	0	0	0	0	0	9	0	22686	8	0	0	7	0	0	0	10	0	1	0	11	0	22748
15	0	0	14	0	0	0	0	0	0	0	0	0	0	0	0	0	0	0	4	0	0	0	0	0	0	0	1	0	0	0	0	0	5	0	22652	15	0	0	6	0	0	0	43	0	0	0	4	0	0	0	4	0	0	0	0	0	0	0	0	0	0	0	0	0	22748
16	0	0	0	0	0	1	3	0	0	0	0	0	0	0	0	0	0	0	0	0	1	0	7	1	0	0	1	0	0	1	1	0	0	0	47	0	8	4	22626	8	0	0	15	1	0	0	8	0	0	0	0	0	0	1	12	1	0	0	0	0	0	0	0	1	22748
17	0	0	0	0	0	0	0	0	0	0	0	0	0	4	0	0	0	0	0	0	0	0	0	0	0	0	0	0	0	12	0	0	0	0	0	0	0	0	0	0	0	0	1	0	0	14	0	1	0	4	0	0	0	7	0	0	0	10	0	0	16	22651	1	27	22748
18	46	63	463	366	432	608	546	407	333	391	495	193	102	269	86	70	284	169	158	290	636	1034	613	354	378	568	569	477	113	120	154	432	1690	456	1081	484	299	409	719	183	45	20	27	48	109	354	374	218	7	2	780	284	7	437	719	1001	165	128	438	250	68	280	236	211	22748
19	0	0	15	1	0	0	1	0	0	0	0	0	0	0	0	0	10	0	22620	6	0	0	39	0	0	0	20	0	0	0	12	0	0	0	7	0	0	0	0	0	0	0	0	0	0	0	0	0	0	0	15	0	0	0	2	0	0	0	0	0	0	0	0	0	22748
20	0	1	0	0	0	0	0	0	0	0	0	0	5	0	0	0	0	0	0	0	0	0	0	0	0	0	0	0	4	0	0	0	0	0	1	0	1	0	0	0	0	0	0	0	33	0	1	2	2	0	2	1	14	0	1	1	11	0	0	0	22576	12	16	64	22748
21	0	0	0	0	0	0	0	0	0	1	0	0	0	1	8	0	0	0	0	0	0	0	0	0	0	0	0	0	0	1	1	0	0	0	6	0	0	0	10	0	0	0	17	0	0	3	22672	14	0	0	0	0	0	0	1	0	0	0	0	0	0	0	12	1	22748
22	0	1	0	0	0	0	0	0	0	0	0	0	0	0	0	0	0	0	0	0	0	0	0	0	0	0	0	0	1	6	0	0	0	0	0	0	0	0	0	0	0	0	0	0	0	6	0	0	1	1	0	0	0	5	0	0	0	9	0	0	3	22703	0	12	22748
23	1	0	0	9	0	0	0	5	0	1	0	9	3	3	5	22694	0	0	0	0	0	0	0	0	0	0	0	0	0	0	0	4	0	0	0	0	0	0	0	0	0	0	0	0	0	0	0	0	0	0	0	0	0	0	0	2	0	0	0	0	0	0	0	11	22747
24	0	0	0	0	0	1	0	0	0	0	0	0	13	0	0	0	18	0	0	0	13	0	0	0	5	0	0	0	22656	8	1	7	0	0	0	0	0	0	0	0	0	0	0	0	0	0	0	0	0	0	0	0	0	0	0	0	0	0	0	0	24	0	0	0	22746
25	0	1	0	0	0	1	0	0	117	22605	4	6	1	2	0	0	0	0	0	0	0	0	0	0	0	7	0	0	0	0	0	0	0	0	0	0	0	0	0	0	0	0	0	0	0	0	0	0	0	0	0	0	0	0	0	0	0	1	0	0	0	0	0	0	22745
26	0	29	0	0	6	21889	1	14	0	2	0	0	15	757	0	0	0	1	0	0	0	19	0	1	0	0	0	0	0	2	0	0	0	0	0	0	0	3	0	0	0	0	0	0	0	0	0	0	0	0	0	0	0	4	0	0	0	0	0	0	0	1	0	0	22744
27	0	0	0	0	0	0	0	0	0	0	0	0	0	0	0	0	0	0	0	0	0	0	0	0	0	0	0	0	0	0	0	0	0	0	0	0	0	0	0	0	0	0	0	0	0	0	0	0	0	0	0	0	0	0	0	0	0	0	0	0	0	0	0	0	0
28	0	0	0	0	0	0	0	0	0	0	0	0	0	0	0	0	0	0	0	0	0	0	0	0	0	0	0	0	0	0	0	0	0	0	0	0	0	0	0	0	0	0	0	0	0	0	0	0	0	0	0	0	0	0	0	0	0	0	0	0	0	0	0	0	0
