	AAA	AAG	AAC	AAT	AGA	AGG	AGC	AGT	ACA	ACG	ACC	ACT	ATA	ATG	ATC	ATT	GAA	GAG	GAC	GAT	GGA	GGG	GGC	GGT	GCA	GCG	GCC	GCT	GTA	GTG	GTC	GTT	CAA	CAG	CAC	CAT	CGA	CGG	CGC	CGT	CCA	CCG	CCC	CCT	CTA	CTG	CTC	CTT	TAA	TAG	TAC	TAT	TGA	TGG	TGC	TGT	TCA	TCG	TCC	TCT	TTA	TTG	TTC	TTT	SUM
0	0	0	0	0	0	0	0	0	1	0	0	0	0	0	0	0	6	0	0	0	0	0	0	0	15062	4	1	3	2	0	0	0	0	0	0	0	0	0	0	0	0	0	0	0	0	0	0	0	0	0	0	0	0	0	0	0	6	0	0	0	0	0	0	0	15085
1	0	0	0	0	0	0	0	0	0	0	0	0	0	0	0	5	0	0	0	0	0	0	0	0	0	0	0	0	0	0	0	1	0	0	0	3	0	0	0	0	0	0	0	2	0	0	1	15072	0	0	0	0	0	0	0	0	0	0	0	0	0	0	0	1	15085
2	0	0	4	0	0	0	0	0	0	0	0	0	2	1	15075	1	0	0	0	0	0	0	0	0	0	0	0	0	0	0	1	0	0	0	0	0	0	0	0	0	0	0	0	0	0	0	1	0	0	0	0	0	0	0	0	0	0	0	0	0	0	0	0	0	15085
3	0	0	0	0	0	1	0	0	0	0	0	0	0	0	0	0	0	0	0	0	0	3	0	0	0	0	0	0	0	0	0	0	0	0	0	0	0	1	0	0	0	0	0	0	0	0	0	0	0	3	0	0	2	15042	0	10	0	0	0	0	0	23	0	0	15085
4	0	0	5	0	0	0	0	0	0	0	0	0	0	0	0	0	3	0	15049	14	0	0	5	0	0	0	1	0	0	0	0	0	0	0	0	0	0	0	0	0	0	0	0	0	0	0	0	0	0	0	8	0	0	0	0	0	0	0	0	0	0	0	0	0	15085
5	0	0	0	10	0	0	0	0	0	0	0	0	0	0	0	0	1	1	3	15067	0	0	0	1	0	0	0	2	0	0	0	0	0	0	0	0	0	0	0	0	0	0	0	0	0	0	0	0	0	0	0	0	0	0	0	0	0	0	0	0	0	0	0	0	15085
6	0	0	0	0	0	0	0	0	0	0	0	0	0	5	0	0	0	0	0	0	0	0	0	0	0	0	0	0	0	0	0	0	0	3	0	0	0	3	0	0	0	6	0	0	22	15040	2	1	0	0	0	0	0	0	0	0	0	0	0	0	0	3	0	0	15085
7	0	0	0	0	0	1	0	0	0	0	0	0	0	0	0	0	0	0	0	0	0	0	0	0	0	0	0	0	0	0	0	0	0	9	0	0	6	15018	0	4	0	0	0	0	0	21	0	1	0	0	0	0	0	25	0	0	0	0	0	0	0	0	0	0	15085
8	0	0	7	0	4	0	15044	21	0	0	1	0	0	0	3	0	0	0	0	0	0	0	3	0	0	0	0	0	0	0	0	0	0	0	0	0	0	0	2	0	0	0	0	0	0	0	0	0	0	0	0	0	0	0	0	0	0	0	0	0	0	0	0	0	15085
9	0	0	0	0	0	0	0	0	0	0	0	0	0	6	0	0	0	0	0	0	0	0	0	0	0	0	0	0	0	0	0	0	0	9	0	0	1	5	0	0	0	16	0	0	14	15023	1	7	0	0	0	0	0	0	0	0	0	0	0	0	0	2	0	1	15085
10	0	0	0	0	0	0	3	0	0	0	0	0	0	0	0	0	0	0	0	0	0	0	11	0	0	0	0	0	0	0	0	0	0	0	0	0	0	0	10	0	0	0	0	0	0	0	0	0	0	0	18	0	3	1	14994	28	0	0	0	0	0	0	17	0	15085
11	0	0	0	0	0	0	0	0	0	0	0	0	0	0	4	0	0	0	0	0	0	0	0	0	0	0	0	0	0	0	7	0	0	0	4	0	0	0	4	0	0	0	4	1	3	1	15041	9	0	0	0	0	0	0	0	0	0	0	0	0	0	0	7	0	15085
12	0	0	0	0	0	0	0	0	0	0	0	0	0	0	0	0	0	0	0	0	0	0	0	0	0	0	0	0	0	0	1	0	0	0	0	0	0	0	0	0	0	0	0	0	0	0	6	0	0	0	3	0	0	0	1	0	0	0	3	0	1	0	15066	4	15085
13	0	0	12	0	3	2	15032	5	0	1	2	0	0	0	1	0	0	0	0	0	0	1	18	0	0	0	0	0	0	0	0	0	0	0	0	0	0	0	4	0	0	0	0	0	0	0	0	0	1	0	0	0	0	0	1	0	0	0	1	0	0	0	0	1	15085
14	0	0	1	0	0	0	0	0	0	0	0	0	0	0	0	0	0	0	3	0	0	0	0	0	0	0	0	0	0	0	0	0	0	0	6	0	0	0	0	0	0	0	0	0	0	0	0	0	2	2	15049	5	0	0	3	0	0	0	6	0	0	0	8	0	15085
15	1	0	7	0	0	0	0	0	0	0	1	0	0	0	0	0	0	0	1	0	0	0	0	0	0	0	0	0	0	0	0	0	3	0	15036	8	0	1	3	0	0	0	16	0	0	0	3	0	0	0	5	0	0	0	0	0	0	0	0	0	0	0	0	0	15085
16	0	0	0	0	0	0	8	0	0	0	0	0	0	0	1	0	0	0	0	0	0	0	4	0	0	0	0	0	0	0	0	0	0	0	54	0	0	11	14966	12	1	1	9	0	0	0	9	0	0	0	0	0	0	0	9	0	0	0	0	0	0	0	0	0	15085
17	0	0	0	0	0	0	0	0	0	0	0	0	0	2	0	0	0	0	0	0	0	0	0	0	0	0	0	0	0	8	0	0	0	0	0	0	0	0	0	0	0	0	0	0	0	9	0	0	0	0	0	0	0	7	0	0	0	6	0	0	5	15034	0	14	15085
18	4	1	0	0	15025	9	2	1	0	0	0	0	6	0	1	0	1	1	0	0	26	1	1	0	0	0	0	0	0	0	0	0	0	0	0	0	0	0	0	0	0	0	0	0	0	0	0	0	0	0	0	0	6	0	0	0	0	0	0	0	0	0	0	0	15085
19	0	0	10	0	0	0	0	0	0	0	0	0	0	0	0	0	2	0	15034	6	0	0	18	0	0	0	5	0	0	0	2	0	0	0	2	0	0	0	0	0	0	0	0	0	0	0	0	0	0	0	6	0	0	0	0	0	0	0	0	0	0	0	0	0	15085
20	0	0	0	0	0	0	0	0	0	0	1	0	1	0	0	0	0	0	0	0	0	0	0	0	0	0	0	0	7	1	0	0	0	0	0	0	0	0	0	0	0	0	0	0	14	0	0	1	3	0	1	1	3	0	0	0	5	0	0	0	15018	7	5	17	15085
21	0	0	0	0	0	0	0	0	0	0	0	0	0	0	3	0	0	0	0	0	0	0	0	0	0	0	0	0	2	0	0	0	0	1	3	0	0	0	1	0	0	0	8	0	2	0	15048	6	0	0	0	0	0	0	0	0	0	0	0	0	0	0	11	0	15085
22	130	83	251	124	101	149	287	325	219	364	383	390	244	345	446	340	136	250	246	138	163	235	202	7	250	354	373	314	397	459	408	476	251	251	177	88	97	166	40	77	88	77	224	87	341	309	400	652	5	12	234	180	12	325	207	242	137	163	242	142	271	530	265	204	15085
23	0	0	0	7	0	2	0	5	0	0	0	3	1	8	4	15026	0	0	0	1	0	0	0	0	0	0	0	0	0	0	0	19	0	0	0	0	0	0	0	0	0	0	0	0	0	0	0	1	0	0	0	0	0	0	0	0	0	0	0	0	0	0	0	8	15085
24	0	0	0	0	0	0	0	0	0	0	0	0	11	0	0	0	11	0	0	0	11	0	0	0	10	0	0	0	15009	5	2	7	0	0	0	0	0	0	0	0	0	0	0	0	0	0	0	0	0	0	0	0	0	0	0	0	0	0	0	0	16	0	0	1	15083
25	0	5	0	0	1	3	0	0	12	15046	0	3	0	5	0	0	0	0	0	0	0	0	0	0	0	3	0	0	0	1	0	0	0	0	0	0	0	1	0	0	0	2	0	0	0	0	0	0	0	0	0	0	0	0	0	0	0	1	0	0	0	0	0	0	15083
26	0	19	0	0	3	15022	0	5	0	1	0	0	0	14	0	0	0	2	0	0	1	13	0	0	0	0	0	0	0	0	0	0	0	0	0	0	0	1	0	1	0	0	0	0	0	0	0	0	0	0	0	0	0	1	0	0	0	0	0	0	0	0	0	0	15083
27	0	0	0	0	0	0	0	0	0	0	0	0	0	0	0	0	0	0	0	0	0	0	0	0	0	0	0	0	0	0	0	0	0	0	0	0	0	0	0	0	0	0	0	0	0	0	0	0	0	0	0	0	0	0	0	0	0	0	0	0	0	0	0	0	0
28	0	0	0	0	0	0	0	0	0	0	0	0	0	0	0	0	0	0	0	0	0	0	0	0	0	0	0	0	0	0	0	0	0	0	0	0	0	0	0	0	0	0	0	0	0	0	0	0	0	0	0	0	0	0	0	0	0	0	0	0	0	0	0	0	0
