	AAA	AAG	AAC	AAT	AGA	AGG	AGC	AGT	ACA	ACG	ACC	ACT	ATA	ATG	ATC	ATT	GAA	GAG	GAC	GAT	GGA	GGG	GGC	GGT	GCA	GCG	GCC	GCT	GTA	GTG	GTC	GTT	CAA	CAG	CAC	CAT	CGA	CGG	CGC	CGT	CCA	CCG	CCC	CCT	CTA	CTG	CTC	CTT	TAA	TAG	TAC	TAT	TGA	TGG	TGC	TGT	TCA	TCG	TCC	TCT	TTA	TTG	TTC	TTT	SUM
0	0	0	0	0	0	0	0	0	7	0	0	0	0	0	0	0	4	0	0	0	2	0	0	0	22569	5	5	3	4	0	0	0	0	0	0	0	0	0	0	0	0	0	0	0	0	0	0	0	0	0	0	0	0	0	0	0	11	0	0	0	0	0	0	0	22610
1	0	0	0	0	0	0	0	0	0	0	0	0	0	0	0	10	0	0	0	0	0	0	0	0	0	0	0	0	0	0	0	2	0	0	0	6	0	0	0	0	0	0	0	4	1	1	2	22578	0	0	0	0	0	0	0	0	0	0	0	0	0	0	0	6	22610
2	0	0	2	0	0	0	1	0	0	0	1	0	4	0	22597	2	0	0	0	0	0	0	0	0	0	0	0	0	0	0	2	0	0	0	0	0	0	0	0	0	0	0	0	0	0	0	1	0	0	0	0	0	0	0	0	0	0	0	0	0	0	0	0	0	22610
3	0	0	0	0	0	1	0	0	0	0	0	0	0	0	0	0	0	0	0	0	0	0	0	0	0	0	0	0	0	1	0	0	0	0	0	0	0	3	0	0	0	0	0	0	0	0	0	0	0	4	0	0	8	22557	1	12	0	1	0	0	0	21	0	1	22610
4	0	0	8	0	0	0	0	0	0	0	0	0	0	0	0	0	7	0	22517	55	0	0	10	0	0	0	0	0	0	0	0	0	0	0	0	0	0	0	0	0	0	0	0	0	0	0	0	0	0	0	13	0	0	0	0	0	0	0	0	0	0	0	0	0	22610
5	0	0	0	7	0	0	0	0	0	0	0	0	0	0	0	0	1	1	12	22576	0	0	0	4	0	0	0	8	0	0	0	0	0	0	0	0	0	0	0	0	0	0	0	0	0	0	0	0	0	0	0	1	0	0	0	0	0	0	0	0	0	0	0	0	22610
6	0	0	0	0	0	0	0	0	0	0	0	0	0	10	0	0	0	0	0	0	0	0	0	0	0	0	0	0	0	1	0	0	0	7	0	0	0	0	0	0	0	10	1	0	8	22563	0	5	0	0	0	0	0	0	0	0	0	0	0	0	0	5	0	0	22610
7	0	0	0	0	0	4	0	0	0	0	0	0	0	0	0	0	0	0	0	0	0	1	0	0	0	0	0	0	0	0	0	0	0	8	0	0	5	22491	2	3	0	6	0	0	0	9	0	0	0	0	0	0	0	81	0	0	0	0	0	0	0	0	0	0	22610
8	0	0	40	0	7	1	22509	31	0	0	1	0	0	0	2	0	0	0	0	0	0	0	10	0	0	0	0	0	0	0	0	0	0	0	0	0	0	0	7	0	0	0	0	0	0	0	0	0	0	0	0	0	0	0	2	0	0	0	0	0	0	0	0	0	22610
9	0	0	0	0	0	0	0	0	0	0	0	0	0	10	0	0	0	0	0	0	0	0	0	0	0	0	0	0	0	3	0	0	0	20	0	0	0	13	0	0	0	38	0	0	20	22486	2	11	0	0	0	0	0	0	0	0	0	0	0	0	0	7	0	0	22610
10	0	0	0	0	0	0	5	0	0	0	0	0	0	0	0	0	0	0	0	0	0	0	15	0	0	0	0	0	0	0	0	0	0	0	0	0	0	0	11	0	0	0	0	0	0	0	0	0	0	0	31	0	3	2	22475	48	0	0	5	0	1	0	14	0	22610
11	0	0	0	0	0	0	0	0	0	0	0	0	0	0	86	1	0	0	0	0	0	0	0	0	0	0	0	0	0	0	0	0	0	0	3	0	0	0	7	0	0	0	11	0	0	1	22476	23	0	0	0	0	1	0	0	0	0	0	0	0	0	0	1	0	22610
12	0	0	0	0	0	0	0	0	0	0	0	0	0	1	0	0	0	0	1	0	0	0	0	0	0	0	0	0	0	0	2	0	0	0	0	0	0	0	0	0	0	0	0	0	0	0	9	0	0	0	3	0	0	0	7	0	0	0	6	0	8	2	22561	10	22610
13	0	0	15	0	10	2	22282	12	0	180	27	0	0	9	4	0	0	0	0	0	0	0	8	4	0	0	0	0	0	0	0	0	0	0	0	0	0	0	3	0	0	0	0	0	1	37	0	0	0	0	0	0	0	3	9	0	0	0	0	0	1	0	1	0	22608
14	0	0	2	0	0	0	0	0	0	0	0	0	1	0	0	0	0	0	4	0	0	0	0	0	0	0	0	0	0	0	0	0	0	0	11	0	0	0	0	0	0	0	0	0	0	0	0	0	6	0	22545	7	0	0	4	0	1	0	7	0	0	0	19	1	22608
15	0	0	8	0	0	0	0	0	0	0	1	0	0	0	0	0	0	0	2	1	0	0	0	0	0	0	0	0	0	0	0	0	7	1	22530	11	0	0	7	0	0	1	35	0	0	0	0	0	0	0	3	0	0	0	0	0	0	0	0	0	0	1	0	0	22608
16	0	0	0	0	0	0	7	0	0	0	0	0	0	0	0	1	0	0	0	0	0	0	2	0	0	0	0	0	0	0	1	0	0	0	47	0	4	13	22452	17	0	3	21	0	0	0	23	1	0	0	0	0	0	0	16	0	0	0	0	0	0	0	0	0	22608
17	0	0	0	0	0	0	0	0	0	0	0	0	0	3	0	0	0	0	0	0	0	0	0	0	0	0	0	0	1	10	0	0	0	0	0	0	0	0	0	0	0	0	0	0	0	18	0	0	0	1	0	0	0	10	0	0	0	9	0	0	17	22508	0	31	22608
18	6	1	0	0	22496	13	9	5	1	1	0	0	7	0	0	0	0	1	0	0	52	1	0	0	0	0	0	0	1	0	0	0	0	0	0	0	6	1	0	0	0	0	0	0	0	0	0	0	0	0	0	0	6	1	0	0	0	0	0	0	0	0	0	0	22608
19	0	0	16	0	0	1	1	0	0	0	0	0	0	0	0	0	6	18	22511	7	1	0	26	0	0	0	12	0	0	0	4	1	0	0	0	0	0	0	0	0	0	0	0	0	0	0	0	0	0	0	3	0	0	0	0	0	0	0	0	0	0	1	0	0	22608
20	1	0	0	0	1	1	0	0	0	0	0	0	11	0	1	1	0	0	0	0	0	0	0	0	0	0	0	0	13	1	0	1	0	0	0	0	0	0	0	0	0	0	0	0	15	0	1	2	9	0	0	0	4	0	0	0	8	0	0	0	22492	9	11	25	22607
21	40	34	262	118	51	60	430	164	1011	141	686	134	432	1324	249	412	90	43	6	31	182	448	172	227	413	221	437	212	125	241	263	168	422	400	446	271	52	58	322	118	18	16	36	7	1816	808	1258	224	6	2	853	269	6	479	403	701	281	281	492	364	608	955	973	834	22606
22	0	0	0	0	0	0	0	0	0	1	0	0	0	7	0	0	0	0	0	0	0	1	0	0	0	0	0	0	0	21	0	0	0	0	0	0	0	0	0	0	0	0	0	0	0	9	0	0	0	5	0	0	0	14	0	0	0	5	0	0	4	22522	0	17	22606
23	0	0	0	18	0	2	0	11	0	0	0	5	3	14	4	22521	0	0	0	1	0	0	0	1	0	0	0	0	0	0	0	16	0	0	0	0	0	0	0	0	0	0	0	0	0	0	0	5	0	0	0	0	0	0	0	1	0	0	0	0	0	0	0	4	22606
24	1	0	0	0	0	0	0	0	0	0	0	0	6	0	0	0	18	0	0	1	14	0	0	0	13	0	0	0	22513	6	3	8	0	0	0	0	0	0	0	0	1	0	0	0	0	0	0	0	0	0	0	0	0	0	0	0	0	0	0	0	20	1	0	0	22605
25	0	10	1	0	0	2	0	0	41	22516	11	2	0	8	0	0	0	0	0	0	0	0	0	0	0	8	0	0	0	0	0	0	0	0	0	0	0	0	0	0	0	4	0	0	0	0	0	0	0	0	0	0	0	0	0	0	1	1	0	0	0	0	0	0	22605
26	0	41	0	0	17	22478	0	11	0	1	0	0	0	22	0	2	0	1	0	0	0	27	0	0	0	0	0	0	0	0	0	0	0	0	0	0	0	2	0	0	0	0	0	0	0	0	0	0	0	0	0	0	0	2	0	0	0	0	0	0	0	0	0	0	22604
27	0	0	0	0	0	0	0	0	0	0	0	0	0	0	0	0	0	0	0	0	0	0	0	0	0	0	0	0	0	0	0	0	0	0	0	0	0	0	0	0	0	0	0	0	0	0	0	0	0	0	0	0	0	0	0	0	0	0	0	0	0	0	0	0	0
28	0	0	0	0	0	0	0	0	0	0	0	0	0	0	0	0	0	0	0	0	0	0	0	0	0	0	0	0	0	0	0	0	0	0	0	0	0	0	0	0	0	0	0	0	0	0	0	0	0	0	0	0	0	0	0	0	0	0	0	0	0	0	0	0	0
