	AAA	AAG	AAC	AAT	AGA	AGG	AGC	AGT	ACA	ACG	ACC	ACT	ATA	ATG	ATC	ATT	GAA	GAG	GAC	GAT	GGA	GGG	GGC	GGT	GCA	GCG	GCC	GCT	GTA	GTG	GTC	GTT	CAA	CAG	CAC	CAT	CGA	CGG	CGC	CGT	CCA	CCG	CCC	CCT	CTA	CTG	CTC	CTT	TAA	TAG	TAC	TAT	TGA	TGG	TGC	TGT	TCA	TCG	TCC	TCT	TTA	TTG	TTC	TTT	SUM
0	0	0	0	0	0	0	0	0	2	0	0	0	0	0	0	0	14	0	0	0	1	0	0	0	26427	1	1	0	7	0	0	0	0	0	0	0	0	0	0	0	2	0	0	0	0	0	0	0	0	0	0	0	0	0	0	0	11	0	0	0	0	0	0	0	26466
1	0	0	0	0	0	0	0	0	0	0	0	0	0	0	0	7	0	0	0	0	0	0	0	0	0	0	0	0	0	0	0	0	0	0	0	2	0	0	0	1	0	0	0	1	0	0	3	26450	0	0	0	0	0	0	0	0	0	0	0	0	0	0	0	2	26466
2	0	0	4	0	0	0	0	0	0	0	4	0	11	1	26441	3	0	0	0	0	0	0	0	0	0	0	0	0	0	0	0	0	0	0	0	0	0	0	0	0	0	0	0	0	0	0	1	0	0	0	0	0	0	0	0	0	0	0	0	0	0	0	1	0	26466
3	0	0	0	0	0	2	0	0	0	0	0	0	0	0	0	0	0	0	0	0	0	2	0	0	0	0	0	0	0	0	0	0	0	0	0	0	0	4	0	0	0	0	0	0	0	0	0	0	0	3	0	0	17	26352	0	37	0	0	0	0	0	46	0	3	26466
4	0	0	23	0	0	0	0	0	0	0	0	0	0	0	0	0	36	0	26312	56	0	0	12	0	0	0	5	0	0	0	2	0	0	0	1	0	0	0	0	0	0	0	0	0	0	0	0	0	0	0	18	0	0	0	0	0	0	0	0	0	0	0	0	0	26465
5	0	0	0	26	0	0	0	0	0	0	0	0	0	0	0	0	2	3	11	26399	0	0	0	5	0	0	0	7	0	0	0	4	0	0	0	1	0	0	0	0	0	0	0	0	0	0	0	0	0	0	0	5	0	0	0	0	0	0	0	2	0	0	0	0	26465
6	0	0	0	0	0	0	0	0	0	0	0	0	0	8	0	0	0	0	0	0	0	0	0	0	0	0	0	0	0	0	0	0	0	2	0	0	0	1	0	0	0	22	0	0	23	26391	2	4	0	0	0	0	0	0	0	0	0	0	0	0	0	12	0	0	26465
7	0	0	0	0	0	6	0	0	0	0	0	0	0	0	0	0	0	0	0	0	0	1	0	0	0	0	0	0	0	0	0	0	0	23	0	0	8	26355	3	3	0	2	0	0	0	6	0	3	0	0	0	0	0	55	0	0	0	0	0	0	0	0	0	0	26465
8	0	0	6	0	10	3	26387	39	0	0	2	0	0	0	6	0	0	0	0	0	0	0	7	0	0	0	0	0	0	0	0	0	0	0	0	0	0	0	4	0	0	0	1	0	0	0	0	0	0	0	0	0	0	0	0	0	0	0	0	0	0	0	0	0	26465
9	0	0	0	0	0	0	0	0	0	0	0	0	0	14	0	1	0	0	0	0	0	0	0	0	0	0	0	0	0	2	0	0	1	22	0	0	0	15	0	0	1	38	0	1	27	26315	1	19	0	0	0	0	0	0	1	0	0	0	0	0	0	7	0	0	26465
10	0	0	0	0	0	0	8	0	0	0	0	0	0	0	0	0	0	0	0	0	0	0	20	0	0	0	0	0	0	0	0	0	0	0	0	0	0	0	14	0	0	0	0	1	0	0	0	0	0	0	38	0	12	3	26305	46	0	0	4	0	0	0	14	0	26465
11	0	0	0	0	0	0	0	0	0	0	0	0	0	1	2	0	0	0	0	0	0	0	0	0	0	0	0	0	0	0	2	0	0	0	2	0	0	0	5	0	0	0	20	1	2	1	26402	19	0	0	0	0	0	0	1	0	0	0	0	0	0	0	7	0	26465
12	0	0	0	0	0	0	0	0	0	0	0	0	0	0	3	0	0	0	0	0	0	0	0	0	0	0	0	0	0	0	2	0	0	0	0	0	0	0	0	0	0	0	0	0	0	0	11	0	1	0	15	0	0	0	7	0	0	0	5	0	9	5	26401	6	26465
13	0	0	25	0	5	3	26368	25	0	0	4	0	0	0	6	0	0	0	1	0	0	1	9	0	0	0	0	0	0	0	0	0	0	0	0	0	0	0	9	0	0	0	1	0	0	0	1	0	0	0	1	0	0	0	1	1	0	0	0	0	0	1	2	0	26464
14	1	0	2	0	0	0	1	0	0	0	0	0	0	0	0	1	0	0	3	1	0	0	0	0	0	0	0	0	0	0	0	0	0	0	10	0	0	0	1	0	0	0	1	0	0	0	1	0	9	0	26390	21	0	0	4	0	0	0	6	0	0	0	12	0	26464
15	204	437	967	109	82	17	251	117	363	499	382	470	135	522	414	287	705	1855	1218	635	114	113	176	178	452	1692	349	499	678	1378	223	502	766	949	1606	746	189	192	412	174	51	91	122	91	388	724	35	478	10	23	430	292	3	87	134	112	357	564	222	121	249	435	133	255	26464
16	0	0	0	0	2	0	15	0	0	1	1	0	0	0	1	2	0	0	0	0	0	0	8	0	0	0	0	0	0	0	0	0	0	0	61	0	4	14	26271	20	1	1	17	0	2	0	11	0	0	0	0	0	0	1	30	0	0	0	0	0	0	1	0	0	26464
17	0	0	0	0	0	1	0	0	0	1	0	0	0	6	1	0	0	0	2	0	0	1	0	0	0	0	0	0	1	13	0	0	0	0	0	0	0	0	0	0	0	0	0	0	0	16	0	0	0	1	0	0	0	6	0	0	0	10	0	0	12	26376	2	15	26464
18	7	1	0	0	26346	18	5	8	1	1	0	0	5	0	0	0	2	0	1	0	56	0	0	0	0	0	0	0	0	0	0	0	0	0	0	0	4	0	0	0	0	0	0	0	0	0	0	1	0	0	0	0	6	0	0	0	0	0	0	0	0	0	0	1	26463
19	0	0	21	0	0	1	1	0	0	0	0	0	0	0	0	0	18	2	26353	7	1	0	27	0	0	0	7	1	0	0	10	0	0	0	2	0	0	0	0	0	0	0	1	0	0	0	1	0	0	0	9	0	0	0	0	0	0	0	0	0	0	0	0	1	26463
20	0	0	0	0	0	0	0	0	0	0	0	0	8	0	0	0	0	0	0	0	0	0	0	0	0	0	0	0	9	1	0	0	0	0	0	0	0	0	1	0	0	0	0	0	14	2	1	0	3	0	1	0	6	0	0	0	10	0	0	0	26343	9	8	46	26462
21	0	0	0	1	0	0	0	0	0	0	0	0	0	0	27	1	0	0	0	0	0	0	0	0	0	0	0	0	0	0	2	0	0	0	7	0	0	0	6	0	0	0	21	0	6	0	26354	7	0	0	0	0	0	0	1	0	0	0	0	1	1	1	26	0	26462
22	0	0	0	0	0	0	0	0	0	0	0	0	0	5	0	1	0	0	0	0	0	0	0	0	0	0	0	0	0	3	0	1	0	0	0	0	0	0	0	0	0	0	0	0	0	3	0	1	0	2	0	0	0	3	0	0	0	7	0	0	6	26412	4	14	26462
23	0	1	0	13	0	0	0	8	0	0	1	6	4	8	4	26392	0	0	0	1	0	0	0	0	0	0	0	0	1	0	0	15	0	0	0	0	0	0	0	0	0	0	0	0	0	0	0	2	0	0	0	0	0	0	0	0	0	0	0	0	0	0	0	6	26462
24	0	0	0	0	0	1	0	0	0	1	0	0	33	0	0	0	10	1	0	0	11	0	0	1	7	0	0	0	26313	14	1	5	0	0	0	0	0	0	0	0	0	0	0	0	0	0	0	0	0	0	0	0	0	0	0	0	0	0	0	0	64	0	0	0	26462
25	0	34	0	0	0	3	0	0	58	26272	6	79	0	3	0	0	0	0	0	0	0	0	0	0	0	1	0	0	0	0	0	0	0	0	0	0	1	0	0	0	0	3	0	0	0	0	0	0	0	0	0	0	0	0	0	0	0	0	0	0	0	0	0	0	26460
26	0	52	0	0	12	26332	0	7	0	0	0	0	0	24	0	0	0	2	0	0	1	20	0	0	0	0	0	0	0	0	0	0	0	0	0	0	0	5	0	0	0	0	0	0	0	0	0	0	0	0	0	0	0	3	0	0	0	0	0	0	0	0	0	0	26458
27	0	0	0	0	0	0	0	0	0	0	0	0	0	0	0	0	0	0	0	0	0	0	0	0	0	0	0	0	0	0	0	0	0	0	0	0	0	0	0	0	0	0	0	0	0	0	0	0	0	0	0	0	0	0	0	0	0	0	0	0	0	0	0	0	0
28	0	0	0	0	0	0	0	0	0	0	0	0	0	0	0	0	0	0	0	0	0	0	0	0	0	0	0	0	0	0	0	0	0	0	0	0	0	0	0	0	0	0	0	0	0	0	0	0	0	0	0	0	0	0	0	0	0	0	0	0	0	0	0	0	0
