	AAA	AAG	AAC	AAT	AGA	AGG	AGC	AGT	ACA	ACG	ACC	ACT	ATA	ATG	ATC	ATT	GAA	GAG	GAC	GAT	GGA	GGG	GGC	GGT	GCA	GCG	GCC	GCT	GTA	GTG	GTC	GTT	CAA	CAG	CAC	CAT	CGA	CGG	CGC	CGT	CCA	CCG	CCC	CCT	CTA	CTG	CTC	CTT	TAA	TAG	TAC	TAT	TGA	TGG	TGC	TGT	TCA	TCG	TCC	TCT	TTA	TTG	TTC	TTT	SUM
0	0	0	0	0	0	0	0	0	1	0	0	0	0	0	0	0	18	0	0	0	1	0	0	0	22524	5	0	0	2	0	0	0	0	0	0	0	0	0	0	0	0	0	0	0	0	0	0	0	0	0	0	0	0	0	0	0	7	0	0	0	0	0	0	0	22558
1	0	0	0	0	0	0	0	0	0	0	0	0	0	0	0	16	0	0	0	0	0	0	0	0	0	0	0	0	0	0	0	0	0	0	0	1	0	0	0	0	0	0	0	4	1	0	2	22530	0	0	0	0	0	0	0	0	0	0	0	0	0	0	0	4	22558
2	0	0	3	0	0	0	0	0	0	0	3	0	7	1	22534	6	0	0	0	0	0	0	0	0	0	0	0	0	0	0	1	0	0	0	0	0	0	0	0	0	0	0	0	0	0	0	0	0	0	0	0	0	0	0	0	0	0	0	0	0	0	0	3	0	22558
3	0	0	0	0	0	2	0	0	0	0	0	0	1	0	0	0	0	0	0	0	0	3	0	0	0	0	0	0	0	0	0	0	0	0	0	0	0	11	0	0	0	0	0	0	0	0	0	0	0	0	0	0	7	22483	8	15	0	0	0	0	0	28	0	0	22558
4	0	0	7	0	0	0	0	0	0	0	0	0	0	0	0	0	61	2	22440	30	0	0	3	0	0	0	3	0	0	0	2	0	0	0	2	0	0	0	0	0	0	0	0	0	0	0	0	0	0	0	8	0	0	0	0	0	0	0	0	0	0	0	0	0	22558
5	0	0	0	9	0	0	0	0	0	0	0	0	0	0	0	0	3	0	11	22521	0	0	0	5	0	0	0	7	0	0	0	1	0	0	0	0	0	0	0	0	0	0	0	0	0	0	0	0	0	0	0	1	0	0	0	0	0	0	0	0	0	0	0	0	22558
6	0	0	0	0	0	0	0	0	0	0	0	0	0	3	0	0	0	0	0	0	0	0	0	0	0	0	0	0	0	1	0	0	0	6	0	0	0	4	0	0	0	6	0	0	32	22486	9	2	0	0	0	0	0	0	0	0	0	0	0	0	0	9	0	0	22558
7	0	0	0	0	0	4	0	0	0	0	0	0	0	0	0	0	0	0	0	0	0	1	0	0	0	0	0	0	0	0	0	0	0	8	0	0	5	22494	8	0	0	3	0	0	0	3	0	0	0	0	0	0	0	32	0	0	0	0	0	0	0	0	0	0	22558
8	0	0	12	0	3	4	22493	28	0	0	0	0	0	0	6	0	0	0	0	0	0	0	9	0	0	0	0	0	0	0	0	0	0	0	0	0	0	0	2	0	0	0	0	0	0	0	0	0	0	0	0	0	0	0	1	0	0	0	0	0	0	0	0	0	22558
9	0	0	0	0	0	0	0	0	0	0	0	0	0	22	0	0	0	0	0	0	0	0	0	0	0	0	0	0	0	4	0	0	0	16	0	0	1	8	0	0	0	29	0	0	21	22429	3	13	0	0	0	0	0	0	0	0	0	0	0	0	0	12	0	0	22558
10	0	0	0	0	0	0	9	0	0	0	0	0	0	0	0	0	0	0	0	0	2	0	19	0	0	0	0	0	0	0	1	0	0	0	0	0	0	0	6	0	0	0	0	0	0	0	0	0	0	0	18	0	2	6	22448	31	0	0	3	0	0	0	13	0	22558
11	0	0	0	0	0	0	0	0	0	0	0	0	0	0	17	0	0	0	0	0	0	0	0	0	0	0	0	0	0	0	1	0	0	0	4	1	0	1	2	0	0	0	17	2	1	0	22496	7	0	0	0	0	0	0	0	0	0	0	0	0	0	0	9	0	22558
12	0	0	0	0	0	0	0	0	0	0	0	0	0	0	5	0	0	0	0	0	0	0	1	0	0	0	0	0	0	0	6	0	0	0	0	0	0	0	0	0	0	0	0	0	0	0	7	0	0	0	2	0	0	0	5	0	0	0	8	0	8	1	22494	21	22558
13	73	103	106	145	29	21	859	247	346	286	713	555	181	503	421	529	37	147	12	26	771	1088	325	448	247	1047	727	279	363	1793	628	607	173	407	398	168	65	68	71	35	77	143	205	93	166	619	698	483	2	4	695	257	4	347	557	296	214	352	908	187	227	358	325	294	22558
14	0	0	6	1	0	0	0	0	0	0	0	0	0	0	0	0	0	0	21	0	0	0	0	0	0	0	0	0	0	0	0	0	0	0	11	0	0	0	0	0	0	0	2	0	0	0	0	0	10	2	22453	5	0	0	1	0	0	0	10	0	0	0	36	0	22558
15	0	0	61	0	0	0	0	0	0	0	0	0	0	0	0	0	0	1	2	0	0	0	0	0	0	0	0	0	0	0	0	0	5	2	22409	18	0	0	8	0	0	0	39	0	0	0	5	0	0	0	8	0	0	0	0	0	0	0	0	0	0	0	0	0	22558
16	0	0	0	0	0	0	5	0	0	0	0	0	0	0	0	0	0	0	0	0	0	0	3	0	0	0	0	0	0	0	0	0	0	0	32	0	2	11	22437	12	0	0	17	0	0	1	27	0	0	0	0	0	0	0	7	2	0	1	1	0	0	0	0	0	22558
17	0	0	0	0	0	0	0	0	0	0	0	0	0	4	0	0	0	0	0	0	0	0	0	0	0	0	0	0	0	8	0	1	0	0	0	0	0	0	0	0	0	0	0	0	0	13	1	0	0	4	0	0	1	8	0	1	0	6	0	0	5	22479	8	19	22558
18	3	1	1	0	22455	17	11	1	1	0	0	0	6	0	0	0	2	1	0	0	42	2	0	0	0	0	0	0	0	0	0	0	0	0	0	0	2	0	0	0	1	0	0	0	0	0	0	0	0	0	0	0	11	0	0	0	0	0	0	0	0	0	0	0	22557
19	0	0	9	0	0	0	1	0	0	0	0	0	0	0	0	0	8	1	22468	4	0	0	30	0	1	0	15	0	0	0	11	0	0	0	3	0	0	0	0	0	0	0	0	0	0	0	0	0	0	0	6	0	0	0	0	0	0	0	0	0	0	0	0	0	22557
20	0	0	1	0	0	0	0	0	0	0	0	1	7	0	0	2	0	0	0	0	0	0	0	1	0	0	0	0	7	1	0	0	0	0	0	0	0	0	0	0	0	0	0	0	18	0	0	2	8	0	1	2	6	0	1	0	9	0	0	0	22441	5	14	30	22557
21	0	0	0	0	0	0	0	0	0	0	0	0	0	0	12	0	0	0	0	0	0	0	0	0	0	0	0	0	0	0	2	0	1	0	9	0	0	0	5	0	0	0	16	1	6	1	22486	9	0	0	0	0	0	0	0	0	0	0	1	0	0	0	7	1	22557
22	0	0	0	0	0	0	0	0	0	0	0	0	0	3	0	0	0	0	0	0	0	0	0	0	0	0	0	0	0	6	0	0	0	0	0	0	0	0	0	0	0	0	0	0	0	7	0	0	0	0	0	0	0	8	0	0	0	6	0	0	3	22505	0	19	22557
23	0	0	0	9	0	1	0	10	0	0	0	5	2	12	11	22466	0	0	0	0	0	0	0	0	0	0	0	0	0	0	0	30	0	0	0	0	0	0	0	0	0	0	0	0	0	0	0	3	0	0	0	0	0	0	0	0	0	0	0	0	0	1	0	7	22557
24	0	0	0	0	0	0	0	0	0	0	0	0	7	0	0	0	14	1	0	0	14	0	0	0	5	0	0	0	22478	6	2	12	0	0	0	0	0	0	0	0	0	0	0	0	0	0	0	0	1	0	0	0	0	0	0	0	0	0	0	0	16	1	0	0	22557
25	0	8	0	0	0	2	0	0	32	22457	9	34	0	4	0	0	0	0	0	0	0	0	0	0	0	1	0	0	0	0	0	0	0	0	0	0	0	0	0	0	0	4	0	0	0	0	0	0	0	0	0	0	0	0	0	0	0	6	0	0	0	0	0	0	22557
26	0	34	0	0	14	22446	1	18	0	1	0	0	0	20	0	0	0	2	0	0	0	18	0	0	0	0	0	0	0	0	0	0	0	0	0	0	0	1	0	0	0	0	0	0	0	0	0	0	0	0	0	0	0	2	0	0	0	0	0	0	0	0	0	0	22557
27	0	0	0	0	0	0	0	0	0	0	0	0	0	0	0	0	0	0	0	0	0	0	0	0	0	0	0	0	0	0	0	0	0	0	0	0	0	0	0	0	0	0	0	0	0	0	0	0	0	0	0	0	0	0	0	0	0	0	0	0	0	0	0	0	0
28	0	0	0	0	0	0	0	0	0	0	0	0	0	0	0	0	0	0	0	0	0	0	0	0	0	0	0	0	0	0	0	0	0	0	0	0	0	0	0	0	0	0	0	0	0	0	0	0	0	0	0	0	0	0	0	0	0	0	0	0	0	0	0	0	0
