	AAA	AAG	AAC	AAT	AGA	AGG	AGC	AGT	ACA	ACG	ACC	ACT	ATA	ATG	ATC	ATT	GAA	GAG	GAC	GAT	GGA	GGG	GGC	GGT	GCA	GCG	GCC	GCT	GTA	GTG	GTC	GTT	CAA	CAG	CAC	CAT	CGA	CGG	CGC	CGT	CCA	CCG	CCC	CCT	CTA	CTG	CTC	CTT	TAA	TAG	TAC	TAT	TGA	TGG	TGC	TGT	TCA	TCG	TCC	TCT	TTA	TTG	TTC	TTT	SUM
0	0	0	0	0	0	0	0	0	15	0	0	0	0	0	0	0	34	0	0	0	1	0	0	0	114784	19	20	14	22	0	0	0	0	0	0	0	0	0	0	0	2	0	0	0	0	0	0	0	0	0	0	0	0	0	0	0	54	0	1	0	0	0	0	0	114966
1	1	0	0	0	0	0	0	0	0	0	0	0	0	0	0	31	0	0	0	0	0	0	0	0	0	0	0	0	0	0	0	7	0	0	0	13	0	0	0	7	0	0	0	16	3	3	22	114846	0	0	0	0	0	0	0	0	0	0	0	0	0	0	0	17	114966
2	0	0	6	0	0	0	2	0	0	0	10	0	30	5	114863	26	0	0	0	0	0	0	0	0	0	0	0	0	0	0	12	0	0	0	0	0	0	0	0	0	0	0	0	0	0	0	7	0	0	0	0	0	0	0	0	0	0	0	0	0	0	0	5	0	114966
3	0	0	0	0	0	14	0	0	0	0	0	0	0	0	0	0	0	0	0	0	0	8	0	0	0	0	0	0	0	0	0	0	0	0	0	0	0	24	0	0	0	0	0	0	0	0	0	0	0	11	0	0	36	114531	5	191	0	0	0	0	0	141	0	5	114966
4	0	0	45	0	0	0	0	0	0	0	0	0	0	0	0	0	26	5	114625	128	0	0	54	0	0	0	17	0	0	0	7	0	0	0	4	0	0	0	0	0	0	0	0	0	0	0	0	0	0	0	54	0	0	0	0	0	0	0	1	0	0	0	0	0	114966
5	0	0	0	62	0	0	0	0	0	0	0	1	0	0	0	0	39	6	49	114748	0	0	0	11	0	0	0	11	0	0	0	20	0	0	1	1	0	0	0	0	0	0	0	0	0	0	0	0	0	0	0	17	0	0	0	0	0	0	0	0	0	0	0	0	114966
6	0	0	0	0	0	0	0	0	0	0	0	0	0	23	0	0	0	0	0	0	0	0	0	0	0	0	0	0	0	0	0	0	0	26	0	0	0	9	0	0	0	74	0	0	92	114688	0	18	0	0	0	0	0	0	0	0	0	0	0	0	0	36	0	0	114966
7	0	0	0	0	0	17	0	0	0	0	0	0	0	0	0	0	0	0	0	0	0	4	0	0	0	0	0	0	0	0	0	0	0	57	0	0	56	114601	0	13	0	6	0	0	0	12	1	4	0	0	0	0	0	195	0	0	0	0	0	0	0	0	0	0	114966
8	0	0	68	0	31	10	114654	123	0	0	4	0	0	0	12	0	0	0	0	0	0	2	34	0	0	0	0	0	0	0	0	0	0	0	0	0	0	0	21	0	0	0	0	0	0	0	2	0	0	0	0	0	0	0	4	0	0	0	0	0	0	0	1	0	114966
9	0	2	0	0	0	1	0	0	0	0	0	0	0	129	0	0	0	0	0	0	0	0	0	0	0	0	0	0	0	7	0	0	0	114	0	0	0	43	0	1	0	159	0	0	114	114261	17	65	0	0	0	0	0	1	0	0	0	0	0	0	0	52	0	0	114966
10	0	0	0	0	1	0	19	1	0	0	0	0	0	0	0	0	0	0	1	0	2	1	82	1	0	0	0	0	0	1	2	0	0	0	0	0	0	0	85	0	0	0	0	0	0	0	0	0	0	0	139	0	20	20	114311	219	0	0	4	0	0	2	54	1	114966
11	0	0	0	0	0	0	0	0	0	0	1	0	0	0	32	0	0	0	0	0	0	0	0	0	0	0	0	0	0	0	5	0	0	0	16	0	0	0	17	0	0	0	65	1	10	6	114741	48	0	0	0	0	0	0	1	0	0	0	0	0	0	0	23	0	114966
12	0	0	2	0	0	0	0	0	0	0	0	0	0	0	338	0	1	0	0	0	0	0	0	0	0	0	0	0	0	0	6	1	0	0	0	0	0	0	0	0	0	0	0	0	0	0	35	0	0	0	23	0	0	0	12	0	0	0	18	0	18	13	114463	36	114966
13	0	0	110	0	16	14	114627	41	2	0	7	0	1	0	29	1	0	0	0	0	0	0	81	0	0	0	0	0	0	0	1	0	0	0	0	0	0	0	17	2	0	0	0	0	0	0	1	0	1	0	0	0	0	0	12	0	0	0	3	0	0	0	0	0	114966
14	1	0	13	0	1	0	0	0	0	0	1	0	0	0	0	0	0	0	11	0	0	0	0	0	0	0	0	0	0	0	1	0	0	0	59	0	0	0	0	0	0	0	0	0	0	0	2	0	23	4	114701	23	0	0	26	0	0	0	22	0	0	0	78	0	114966
15	0	0	45	0	1	0	0	0	0	0	2	0	1	0	0	0	0	1	8	0	0	0	0	0	0	0	0	0	0	1	0	0	48	4	114547	38	0	0	19	0	1	0	191	0	0	1	30	0	1	0	27	0	0	0	0	0	0	0	0	0	0	0	0	0	114966
16	984	2043	1205	580	654	616	693	2237	1382	2128	1160	1355	404	2753	393	728	1278	2348	186	579	2708	3885	836	576	1428	4064	2197	1518	1243	2522	2175	1293	996	1696	1085	2455	4101	8605	10292	3974	105	233	315	132	970	3421	1956	2172	14	37	3122	3204	45	7059	1134	1335	1501	1424	739	838	763	1616	812	664	114966
17	0	0	0	0	0	0	0	0	0	0	0	0	0	38	0	0	0	1	0	0	0	0	0	0	0	0	0	0	1	108	0	1	0	0	0	0	0	0	0	0	0	0	0	0	0	52	1	0	0	15	0	0	0	26	0	1	0	41	0	0	37	114558	3	83	114966
18	123	2	0	0	114432	64	19	23	2	1	0	0	27	0	0	0	9	1	0	0	208	4	1	0	0	0	0	1	0	0	0	0	0	0	0	0	7	0	1	0	0	0	1	0	2	0	0	0	0	0	0	0	36	0	1	0	0	0	0	0	0	1	0	0	114966
19	0	0	69	0	1	1	6	0	0	0	1	0	0	0	0	1	24	12	114559	49	2	0	128	0	0	0	40	0	0	0	38	0	0	1	7	0	0	0	0	0	0	0	0	0	0	0	0	0	1	0	19	0	0	0	1	0	0	0	2	0	0	1	1	0	114964
20	1	0	0	0	0	0	0	0	0	0	0	0	46	0	1	1	0	0	0	0	1	0	0	0	0	0	0	0	26	1	3	0	0	0	1	0	1	0	0	0	2	0	0	0	115	0	1	9	10	0	0	0	14	0	0	1	48	0	1	0	114452	32	32	164	114963
21	0	0	1	0	0	0	0	0	0	1	0	0	2	0	25	1	0	0	0	0	0	0	0	0	0	0	0	0	1	0	3	0	1	0	15	0	0	0	32	1	1	0	77	0	13	8	114672	75	0	0	0	0	0	0	0	0	0	0	1	1	0	0	31	1	114963
22	0	0	0	0	0	1	0	0	0	1	0	0	0	14	1	1	0	0	0	0	0	1	0	0	0	0	0	0	0	22	0	2	0	0	0	0	0	0	0	0	0	0	0	0	0	132	0	2	0	10	0	1	0	15	0	0	0	44	0	0	63	114565	10	78	114963
23	0	0	0	54	0	1	0	32	0	0	0	31	11	20	19	114702	0	0	0	0	0	0	0	0	0	0	0	0	0	0	1	57	0	0	0	0	0	0	0	0	0	0	0	1	0	0	1	5	0	0	0	0	0	0	0	0	0	0	0	0	0	1	0	26	114962
24	0	0	0	0	0	0	0	0	0	0	0	0	53	0	0	0	54	0	0	0	52	0	0	1	47	1	0	0	113927	46	15	29	0	0	0	0	0	0	0	0	0	0	0	0	3	0	0	0	2	0	0	0	1	0	0	0	0	0	0	0	727	1	0	0	114959
25	0	70	0	0	0	8	1	0	103	114620	31	22	0	51	0	0	0	0	0	0	0	0	0	0	0	25	0	0	0	0	0	0	0	1	0	0	2	0	0	0	0	15	1	0	0	0	0	0	0	0	0	0	0	0	0	0	0	9	0	0	0	0	0	0	114959
26	0	204	0	0	55	114479	8	45	0	13	0	0	0	58	0	1	0	0	0	0	1	76	0	1	0	0	0	0	0	0	0	0	0	0	0	0	1	10	0	0	0	0	0	0	0	0	0	0	0	0	0	0	0	7	0	0	0	0	0	0	0	0	0	0	114959
27	0	0	0	0	0	0	0	0	0	0	0	0	0	0	0	0	0	0	0	0	0	0	0	0	0	0	0	0	0	0	0	0	0	0	0	0	0	0	0	0	0	0	0	0	0	0	0	0	0	0	0	0	0	0	0	0	0	0	0	0	0	0	0	0	0
28	0	0	0	0	0	0	0	0	0	0	0	0	0	0	0	0	0	0	0	0	0	0	0	0	0	0	0	0	0	0	0	0	0	0	0	0	0	0	0	0	0	0	0	0	0	0	0	0	0	0	0	0	0	0	0	0	0	0	0	0	0	0	0	0	0
