	AAA	AAG	AAC	AAT	AGA	AGG	AGC	AGT	ACA	ACG	ACC	ACT	ATA	ATG	ATC	ATT	GAA	GAG	GAC	GAT	GGA	GGG	GGC	GGT	GCA	GCG	GCC	GCT	GTA	GTG	GTC	GTT	CAA	CAG	CAC	CAT	CGA	CGG	CGC	CGT	CCA	CCG	CCC	CCT	CTA	CTG	CTC	CTT	TAA	TAG	TAC	TAT	TGA	TGG	TGC	TGT	TCA	TCG	TCC	TCT	TTA	TTG	TTC	TTT	SUM
0	0	0	0	0	0	0	0	0	4	0	0	0	0	0	0	0	10	0	0	0	2	0	0	0	25531	1	4	2	1	0	0	0	0	0	0	0	0	0	0	0	0	0	0	0	0	0	0	0	0	0	0	0	0	0	0	0	7	0	0	0	0	0	0	0	25562
1	0	0	0	0	0	0	0	0	0	0	0	0	0	0	0	9	0	0	0	0	0	0	0	0	0	0	0	0	0	0	0	0	0	0	0	1	0	0	0	1	0	0	0	0	0	1	4	25542	0	0	0	0	0	0	0	0	0	0	0	0	0	0	0	4	25562
2	0	0	1	0	0	0	1	0	0	0	2	0	10	0	25542	2	0	0	0	0	0	0	0	0	0	0	0	0	0	0	0	0	0	0	0	0	0	0	0	0	0	0	1	0	0	0	0	0	0	0	0	0	0	0	0	0	0	0	0	0	0	0	3	0	25562
3	0	0	0	0	0	4	0	0	0	0	0	0	0	0	0	0	0	0	0	0	0	1	0	0	0	0	0	0	0	0	0	0	0	0	0	0	0	3	0	0	0	0	0	0	0	0	0	0	1	2	0	0	8	25490	2	26	0	0	0	0	1	23	0	1	25562
4	0	0	12	0	0	0	0	0	0	0	0	0	0	0	0	0	9	2	25501	18	0	0	7	0	0	0	1	0	0	0	0	0	0	0	1	0	0	0	0	0	0	0	0	0	0	0	0	0	0	0	10	0	0	0	0	0	0	0	0	0	0	0	0	0	25561
5	0	0	0	16	0	0	0	0	0	0	0	0	0	0	0	0	2	1	14	25515	0	0	0	0	0	0	0	5	0	0	0	5	0	0	0	0	0	0	0	0	0	0	0	0	0	0	0	0	0	0	0	3	0	0	0	0	0	0	0	0	0	0	0	0	25561
6	0	0	0	0	0	0	0	0	0	0	0	0	0	4	0	0	0	0	0	0	0	0	0	0	0	0	0	0	0	0	0	0	0	5	0	0	0	1	0	0	0	13	0	0	14	25512	0	5	0	0	0	0	0	0	0	0	0	0	0	0	0	7	0	0	25561
7	0	1	0	0	0	1	0	0	0	0	0	0	0	0	0	0	0	0	0	0	0	3	0	0	0	0	0	0	0	0	0	0	0	9	0	0	8	25437	0	5	0	1	0	0	0	64	0	0	0	0	0	0	0	32	0	0	0	0	0	0	0	0	0	0	25561
8	0	0	11	0	20	0	25486	18	0	0	2	0	0	0	7	0	0	0	0	0	0	0	12	0	0	0	0	0	0	0	0	0	0	0	0	0	0	0	4	0	0	0	0	0	0	0	0	0	0	0	0	0	0	0	1	0	0	0	0	0	0	0	0	0	25561
9	0	0	0	0	0	0	0	0	0	0	0	0	0	11	0	0	0	0	0	0	0	0	0	0	0	0	0	0	0	2	0	0	0	22	0	0	0	10	0	0	0	29	0	0	15	25454	0	10	0	0	0	0	0	0	0	0	0	0	0	0	0	8	0	0	25561
10	0	0	0	0	0	0	6	0	0	0	0	0	0	0	0	0	0	0	0	0	0	0	28	0	0	0	0	0	0	0	0	0	0	0	0	0	0	0	18	0	0	0	0	0	0	0	0	0	0	0	16	0	4	2	25415	52	0	0	3	0	0	0	17	0	25561
11	0	0	0	0	0	0	0	0	0	0	0	0	0	0	4	0	0	0	0	0	0	0	0	0	0	0	0	0	0	0	1	0	0	0	2	0	0	0	4	0	0	0	13	0	3	3	25515	9	0	0	0	0	0	0	0	0	0	0	1	0	0	0	6	0	25561
12	0	0	0	0	0	0	0	0	0	0	0	0	0	0	4	0	0	0	0	0	0	0	0	0	0	0	0	0	0	0	1	0	0	0	0	0	0	0	0	0	0	0	0	0	0	0	13	0	0	0	0	0	0	0	1	0	0	0	5	0	7	0	25519	11	25561
13	0	0	19	0	9	2	25421	20	0	0	1	0	0	1	9	0	0	0	0	0	0	9	31	1	6	0	0	0	0	0	1	0	0	0	1	0	0	0	3	0	0	0	0	0	9	0	0	3	0	0	0	0	0	1	4	0	0	0	10	0	0	0	0	0	25561
14	0	0	1	0	0	0	0	0	0	0	0	0	0	0	0	0	0	0	2	0	0	0	0	0	0	0	0	0	0	0	0	0	0	0	9	0	0	0	0	0	0	0	0	0	0	0	1	0	6	0	25501	7	0	0	6	0	0	0	8	0	0	0	20	0	25561
15	0	0	14	0	0	0	0	0	0	0	1	0	1	0	0	0	0	0	1	0	0	0	0	0	0	0	0	0	0	0	0	0	2	0	25457	24	0	0	4	0	0	0	47	0	0	0	2	0	0	0	8	0	0	0	0	0	0	0	0	0	0	0	0	0	25561
16	0	0	0	0	0	0	6	0	0	0	0	0	0	0	1	1	0	0	0	0	0	1	1	1	0	0	0	0	0	0	0	0	0	1	63	0	4	5	25410	20	0	0	28	0	1	1	7	0	0	0	0	0	0	0	7	0	0	0	0	0	0	0	3	0	25561
17	0	0	0	0	1	0	0	0	0	0	0	0	0	4	0	0	0	0	0	0	0	0	0	0	0	0	0	0	2	7	0	0	0	0	0	0	1	0	0	0	0	0	0	0	0	12	0	0	0	2	0	0	0	11	0	0	0	7	0	0	8	25482	0	24	25561
18	9	1	0	0	25446	20	3	0	2	2	0	0	7	0	0	0	1	0	1	0	61	2	0	0	0	0	0	0	0	0	0	0	0	0	0	0	1	0	0	0	0	0	0	0	0	0	0	0	0	0	0	0	4	0	0	0	0	0	0	0	0	0	0	0	25560
19	1	0	9	0	0	2	0	0	0	0	0	0	0	0	0	0	5	1	25478	11	0	0	23	0	0	0	9	0	0	0	9	0	0	0	5	0	0	0	0	0	0	0	0	0	0	0	0	0	0	0	6	0	0	0	0	0	0	0	0	0	1	0	0	0	25560
20	0	0	0	0	0	0	0	0	0	0	0	0	6	1	1	0	0	0	0	0	0	0	0	0	0	0	0	0	7	0	0	0	0	0	0	0	0	0	0	0	0	0	0	0	25	0	1	0	4	0	0	0	2	0	0	0	7	0	0	2	25451	7	12	30	25556
21	0	0	0	0	0	0	0	0	0	0	0	0	1	0	15	0	0	0	0	0	0	0	0	0	0	0	0	0	0	0	1	0	0	0	3	0	0	0	4	0	0	0	11	0	6	4	25485	14	0	0	0	0	0	0	0	0	0	1	0	0	0	0	11	0	25556
22	166	79	292	195	133	174	399	228	392	406	709	432	445	389	799	512	204	456	423	321	368	451	243	21	569	389	832	457	554	1129	740	1432	658	453	301	112	263	139	102	114	162	168	294	176	513	958	653	857	13	32	364	159	6	470	326	306	193	272	529	349	281	996	637	361	25556
23	0	0	0	16	0	0	0	11	0	0	0	5	5	8	12	25452	0	0	0	3	0	0	0	0	0	0	0	0	1	0	0	21	0	0	0	0	0	0	0	0	0	0	0	0	0	0	0	1	0	0	0	0	0	0	0	0	0	0	0	0	0	1	0	20	25556
24	1	0	0	0	0	0	0	0	0	1	0	0	20	0	0	0	16	0	0	0	4	0	0	0	12	0	0	0	25449	14	2	7	0	0	0	0	0	0	0	0	0	0	0	0	0	0	0	0	1	0	0	0	0	0	0	0	0	0	0	0	29	0	0	0	25556
25	0	13	0	0	0	3	0	0	30	25454	8	7	0	25	0	0	0	0	0	0	0	0	0	0	0	3	0	0	0	0	0	0	0	0	0	0	2	0	0	0	0	6	0	0	0	0	0	0	0	0	0	0	0	0	0	0	0	4	0	0	0	0	0	0	25555
26	0	34	0	0	9	25453	2	8	0	1	0	0	0	21	0	0	0	0	0	0	2	21	0	0	0	0	0	0	0	0	0	0	0	0	0	0	0	1	0	0	0	0	0	0	0	0	0	0	0	0	0	0	0	2	0	0	0	0	0	0	0	0	0	0	25554
27	0	0	0	0	0	0	0	0	0	0	0	0	0	0	0	0	0	0	0	0	0	0	0	0	0	0	0	0	0	0	0	0	0	0	0	0	0	0	0	0	0	0	0	0	0	0	0	0	0	0	0	0	0	0	0	0	0	0	0	0	0	0	0	0	0
28	0	0	0	0	0	0	0	0	0	0	0	0	0	0	0	0	0	0	0	0	0	0	0	0	0	0	0	0	0	0	0	0	0	0	0	0	0	0	0	0	0	0	0	0	0	0	0	0	0	0	0	0	0	0	0	0	0	0	0	0	0	0	0	0	0
