	AAA	AAG	AAC	AAT	AGA	AGG	AGC	AGT	ACA	ACG	ACC	ACT	ATA	ATG	ATC	ATT	GAA	GAG	GAC	GAT	GGA	GGG	GGC	GGT	GCA	GCG	GCC	GCT	GTA	GTG	GTC	GTT	CAA	CAG	CAC	CAT	CGA	CGG	CGC	CGT	CCA	CCG	CCC	CCT	CTA	CTG	CTC	CTT	TAA	TAG	TAC	TAT	TGA	TGG	TGC	TGT	TCA	TCG	TCC	TCT	TTA	TTG	TTC	TTT	SUM
0	0	0	0	0	0	0	0	0	1	0	0	0	0	0	0	0	2	0	0	0	0	0	0	0	5738	3	4	1	1	0	0	0	0	0	0	0	0	0	0	0	0	0	0	0	0	0	0	0	0	0	0	0	0	0	0	0	3	0	0	0	0	0	0	0	5753
1	0	0	0	0	0	0	0	0	0	0	0	0	0	0	0	0	0	0	0	0	0	0	0	0	0	0	0	0	0	0	0	0	0	0	0	0	0	0	0	0	0	0	0	0	0	0	1	5749	0	0	0	0	0	0	0	0	0	0	0	0	0	0	0	3	5753
2	0	0	0	0	0	0	0	0	0	0	1	0	1	0	5745	4	0	0	0	0	0	0	0	0	0	0	0	0	0	0	1	0	0	0	0	0	0	0	0	0	0	0	0	0	0	0	0	0	0	0	0	0	0	0	0	0	0	0	0	0	0	0	1	0	5753
3	0	0	0	0	0	0	0	0	0	0	0	0	0	0	0	0	0	0	0	0	0	0	0	0	0	0	0	0	0	0	0	0	0	0	0	0	0	2	0	0	0	0	0	0	0	0	0	0	0	1	0	0	2	5726	0	14	0	0	0	0	0	6	0	2	5753
4	0	0	1	0	0	0	0	0	0	0	0	0	0	0	0	0	1	0	5733	7	0	0	3	0	0	0	1	0	0	0	0	0	0	0	0	0	0	0	0	0	0	0	0	0	0	0	0	0	0	0	6	0	0	0	0	0	0	0	1	0	0	0	0	0	5753
5	0	0	0	8	0	0	0	0	0	0	0	0	0	0	0	0	0	0	0	5739	0	0	0	1	0	0	0	4	0	0	0	0	0	0	0	0	0	0	0	0	0	0	0	0	0	0	0	0	0	0	0	0	0	0	0	0	0	0	0	1	0	0	0	0	5753
6	0	0	0	0	0	0	0	0	0	0	0	0	0	0	0	0	0	0	0	0	0	0	0	0	0	0	0	0	0	0	0	0	0	2	0	0	0	0	0	0	0	8	0	0	3	5651	1	88	0	0	0	0	0	0	0	0	0	0	0	0	0	0	0	0	5753
7	0	0	0	0	0	1	0	0	0	0	0	0	0	0	0	0	0	0	0	0	0	0	0	0	0	0	0	0	0	0	0	0	0	1	0	0	0	5734	0	1	0	0	0	0	0	3	0	0	0	0	0	0	0	13	0	0	0	0	0	0	0	0	0	0	5753
8	0	0	0	0	7	1	5736	5	0	0	0	0	0	0	2	0	0	0	0	0	0	0	1	0	0	0	0	0	0	0	0	0	0	0	0	0	0	0	1	0	0	0	0	0	0	0	0	0	0	0	0	0	0	0	0	0	0	0	0	0	0	0	0	0	5753
9	0	0	0	0	0	0	0	0	0	0	0	0	0	6	0	0	0	0	0	0	0	0	0	0	0	0	0	0	0	1	0	0	0	5	0	0	0	6	0	0	0	11	0	0	3	5714	0	4	0	0	0	0	0	0	0	0	0	0	0	0	0	3	0	0	5753
10	0	0	0	0	0	0	0	0	0	0	0	0	0	0	0	0	0	0	0	0	0	0	2	0	0	0	0	0	0	0	0	0	0	0	0	0	0	0	4	0	0	0	0	0	0	0	0	0	0	0	9	0	0	1	5725	9	0	0	0	0	0	0	3	0	5753
11	0	0	0	0	0	0	0	0	0	0	0	0	0	0	0	0	0	0	0	0	0	0	0	0	0	0	0	0	0	0	0	0	0	0	1	0	0	0	1	0	0	0	6	0	1	0	5741	3	0	0	0	0	0	0	0	0	0	0	0	0	0	0	0	0	5753
12	0	0	0	0	0	0	0	0	0	0	0	0	0	0	1	0	0	0	0	0	0	0	0	0	0	0	0	0	0	0	1	0	0	0	0	0	0	0	0	0	0	0	0	0	0	0	1	0	0	0	3	0	0	0	1	0	0	0	3	0	1	1	5739	2	5753
13	0	0	1	0	1	1	5739	1	0	0	0	0	0	0	3	0	0	0	0	0	0	0	4	0	0	0	0	0	0	0	0	0	0	0	0	0	0	0	2	0	0	0	0	0	0	0	1	0	0	0	0	0	0	0	0	0	0	0	0	0	0	0	0	0	5753
14	0	0	0	0	0	0	0	0	0	0	0	0	0	0	0	0	0	0	3	0	0	0	0	0	0	0	0	0	0	0	0	0	0	0	2	0	0	0	0	0	0	0	0	0	0	0	0	0	0	0	5742	0	0	0	2	0	0	0	0	0	0	0	4	0	5753
15	0	0	3	0	0	0	0	0	0	0	0	0	0	0	0	0	0	0	0	0	0	0	0	0	0	0	0	0	0	0	0	0	2	0	5737	2	0	0	1	0	0	0	6	0	0	0	1	0	0	0	1	0	0	0	0	0	0	0	0	0	0	0	0	0	5753
16	0	0	0	0	0	0	0	1	0	0	0	0	0	0	0	0	0	0	0	0	0	0	0	0	0	0	0	0	0	0	0	0	1	0	32	0	2	4	5696	1	0	1	7	0	0	0	3	0	0	0	0	0	0	0	4	1	0	0	0	0	0	0	0	0	5753
17	0	0	0	0	0	0	0	0	0	0	0	0	0	1	0	0	0	0	0	0	0	0	0	0	0	0	0	0	0	6	0	0	0	0	0	0	0	0	0	0	0	0	0	0	0	1	0	0	0	0	0	0	0	4	0	0	0	0	0	0	1	5734	0	6	5753
18	1	0	0	0	5734	2	1	0	1	0	0	0	2	0	0	0	0	0	1	0	9	0	0	0	0	0	0	0	0	0	0	0	0	0	0	0	1	0	0	0	0	0	0	0	0	0	0	0	0	0	0	0	1	0	0	0	0	0	0	0	0	0	0	0	5753
19	6	1	20	48	3	11	27	17	24	15	40	25	15	4	3	2	318	1164	975	1919	47	76	7	67	9	39	5	8	6	13	22	6	233	212	20	17	10	11	7	8	6	3	2	3	8	15	4	8	3	1	31	9	0	2	5	15	12	6	19	87	19	11	13	11	5753
20	0	0	0	0	0	0	0	0	0	0	0	0	1	0	0	1	0	0	0	0	0	0	0	0	0	0	0	0	4	0	0	1	0	0	0	0	0	0	0	0	0	0	0	0	4	0	0	0	0	0	0	0	2	0	0	0	2	0	0	0	5710	6	3	19	5753
21	0	0	0	0	0	0	0	0	0	0	0	0	0	0	1	0	0	0	0	0	0	0	0	0	0	0	0	0	0	0	0	0	0	0	0	0	0	0	1	1	0	0	6	0	1	0	5730	4	0	0	0	0	0	0	0	0	0	0	0	0	0	1	8	0	5753
22	0	0	0	0	0	0	0	0	0	0	0	0	0	0	0	1	0	0	0	0	0	0	0	0	0	0	0	0	0	4	0	0	0	0	0	0	0	0	0	0	0	0	0	0	0	0	0	0	0	1	0	0	0	0	0	0	0	0	0	0	0	5745	0	2	5753
23	0	0	0	5	0	0	0	0	0	0	0	2	0	1	0	5741	0	0	0	0	0	0	0	0	0	0	0	0	0	0	0	1	0	0	0	0	0	0	0	0	0	0	0	0	0	0	0	1	0	0	0	0	0	0	0	0	0	0	0	0	1	0	0	1	5753
24	0	0	0	0	0	0	0	0	0	1	0	0	0	0	0	0	2	0	0	0	4	0	0	0	3	0	0	0	5735	1	0	2	0	0	0	0	0	0	0	0	0	0	0	0	0	0	0	0	0	0	0	0	0	0	0	0	0	0	0	0	5	0	0	0	5753
25	0	2	0	0	0	0	0	0	2	5739	2	0	0	4	0	0	0	0	0	0	0	1	0	0	0	1	0	0	0	0	0	0	0	0	0	0	1	0	0	0	0	1	0	0	0	0	0	0	0	0	0	0	0	0	0	0	0	0	0	0	0	0	0	0	5753
26	0	6	0	0	5	5727	0	1	0	0	0	0	0	4	0	0	0	0	0	0	1	7	0	0	0	0	0	0	0	0	0	0	0	0	0	0	0	1	0	0	0	0	0	0	0	0	0	0	0	0	0	0	0	0	0	0	0	0	0	0	0	0	0	0	5752
27	0	0	0	0	0	0	0	0	0	0	0	0	0	0	0	0	0	0	0	0	0	0	0	0	0	0	0	0	0	0	0	0	0	0	0	0	0	0	0	0	0	0	0	0	0	0	0	0	0	0	0	0	0	0	0	0	0	0	0	0	0	0	0	0	0
28	0	0	0	0	0	0	0	0	0	0	0	0	0	0	0	0	0	0	0	0	0	0	0	0	0	0	0	0	0	0	0	0	0	0	0	0	0	0	0	0	0	0	0	0	0	0	0	0	0	0	0	0	0	0	0	0	0	0	0	0	0	0	0	0	0
