	AAA	AAG	AAC	AAT	AGA	AGG	AGC	AGT	ACA	ACG	ACC	ACT	ATA	ATG	ATC	ATT	GAA	GAG	GAC	GAT	GGA	GGG	GGC	GGT	GCA	GCG	GCC	GCT	GTA	GTG	GTC	GTT	CAA	CAG	CAC	CAT	CGA	CGG	CGC	CGT	CCA	CCG	CCC	CCT	CTA	CTG	CTC	CTT	TAA	TAG	TAC	TAT	TGA	TGG	TGC	TGT	TCA	TCG	TCC	TCT	TTA	TTG	TTC	TTT	SUM
0	0	0	0	0	0	0	0	0	13	0	0	0	0	0	0	0	40	0	0	0	6	0	0	0	82562	15	14	9	22	0	0	0	0	0	0	0	0	0	0	0	4	0	0	0	0	0	0	0	0	0	0	0	0	0	0	0	54	0	1	0	0	0	0	0	82740
1	0	0	0	0	0	0	0	0	0	0	0	1	0	0	0	41	0	0	0	0	0	0	0	0	0	0	0	0	0	0	0	1	0	0	0	8	0	0	0	2	0	0	0	12	3	0	15	82643	0	0	0	0	0	0	0	0	0	0	0	0	0	0	0	14	82740
2	0	0	4	0	0	0	2	0	0	0	11	0	24	4	82638	31	0	0	0	0	0	0	0	0	0	0	0	0	0	0	10	0	0	0	0	0	0	0	0	0	0	0	0	0	0	0	8	0	0	0	0	0	0	0	0	0	0	0	0	0	0	0	8	0	82740
3	0	0	0	0	0	7	0	0	0	0	0	0	0	0	0	0	0	0	0	0	0	5	0	0	0	0	0	0	0	0	0	0	0	0	0	0	0	13	0	0	0	0	0	0	0	1	0	0	0	8	0	0	32	82416	3	144	0	1	0	0	0	108	0	2	82740
4	0	0	26	0	0	0	0	0	0	0	0	0	0	0	0	0	33	1	82508	99	0	1	28	0	0	0	6	0	0	0	2	0	0	0	2	0	0	0	0	0	0	0	0	0	0	0	0	0	0	0	34	0	0	0	0	0	0	0	0	0	0	0	0	0	82740
5	0	0	0	49	0	0	0	0	0	0	0	0	0	0	0	0	29	6	32	82575	0	0	0	11	0	0	0	13	0	0	0	10	0	0	0	2	0	0	0	0	0	0	0	0	0	0	0	0	0	0	0	11	0	0	0	0	0	0	0	1	0	0	0	0	82739
6	0	1	0	0	0	1	0	0	0	0	0	0	0	13	0	0	0	0	0	0	0	0	0	0	0	0	0	0	0	1	0	0	0	14	0	0	0	3	0	0	0	41	0	0	44	82574	6	7	0	0	0	0	0	0	0	0	0	0	0	0	0	34	0	0	82739
7	0	0	0	0	2	12	0	0	0	1	0	0	0	0	0	0	0	0	0	0	0	5	0	0	0	0	0	0	0	0	0	0	0	42	0	1	47	82486	1	5	0	4	0	0	0	8	0	3	0	0	0	0	0	122	0	0	0	0	0	0	0	0	0	0	82739
8	1	0	49	0	17	16	82502	96	0	0	5	0	0	0	8	0	0	0	0	0	0	0	23	0	0	0	0	0	0	0	0	0	0	0	0	0	0	0	16	0	0	0	0	0	0	0	1	0	0	0	0	0	0	0	5	0	0	0	0	0	0	0	0	0	82739
9	0	1	0	0	0	1	0	0	0	0	0	0	0	91	0	0	0	0	0	0	0	0	0	0	0	0	0	0	0	2	0	0	0	82	0	0	0	24	0	0	0	110	0	0	78	82245	13	60	0	0	0	0	0	0	0	0	0	0	0	0	0	32	0	0	82739
10	0	0	0	0	0	0	8	0	0	0	0	0	0	0	0	0	0	0	1	0	0	0	76	0	0	0	0	0	0	0	3	0	0	0	0	0	0	0	61	0	0	0	0	0	0	0	0	0	0	0	122	0	17	12	82213	177	1	0	1	0	0	0	46	1	82739
11	0	0	0	0	0	0	0	0	0	0	0	0	0	0	16	0	0	0	0	0	0	0	0	0	0	0	0	0	0	0	6	0	0	0	17	0	0	0	10	0	0	0	56	0	6	1	82571	40	0	0	0	0	0	0	0	0	0	0	0	0	0	0	16	0	82739
12	0	0	0	0	0	0	1	0	0	0	0	0	0	0	232	0	0	1	0	0	0	0	0	0	0	0	0	0	0	0	3	0	0	0	0	0	0	0	0	0	0	0	1	0	0	0	29	0	1	0	11	0	0	0	12	0	0	1	20	0	11	9	82384	23	82739
13	0	0	69	1	33	5	82477	33	0	0	11	0	0	0	14	1	0	0	0	0	0	1	53	0	0	0	0	0	0	0	0	0	0	0	1	0	0	0	16	0	0	0	1	0	0	0	0	0	0	0	2	0	1	1	19	0	0	0	0	0	0	0	0	0	82739
14	0	0	8	0	1	0	0	0	0	0	0	0	0	0	0	0	0	0	11	0	0	1	0	0	0	0	0	0	1	0	0	0	1	0	49	0	0	0	0	0	0	0	1	0	0	0	0	0	15	1	82532	19	0	0	18	0	0	0	22	0	1	0	57	0	82738
15	2	0	39	0	0	0	0	0	0	1	1	0	0	1	0	0	2	1	7	1	0	1	1	0	0	0	0	0	0	0	1	0	36	2	82384	44	0	0	17	0	2	0	153	0	0	0	14	0	0	1	25	1	0	0	0	0	0	0	0	0	0	1	0	0	82738
16	721	1431	862	395	494	513	457	1652	1036	1533	866	1028	298	2043	271	512	907	1701	147	397	1988	2772	648	407	1095	2869	1555	1047	864	1913	1524	961	714	1238	772	1737	2855	5894	7440	2893	82	186	229	103	681	2426	1440	1526	11	32	2291	2363	33	4944	801	989	1112	1041	605	636	508	1211	592	446	82738
17	0	0	0	0	2	0	0	0	0	0	0	0	0	26	0	0	0	0	1	0	0	1	0	0	0	0	0	0	0	94	0	1	0	0	0	0	0	1	0	0	0	1	0	0	0	30	1	1	0	9	0	0	1	26	0	0	0	25	0	0	19	82418	3	76	82736
18	85	1	2	0	82293	79	24	11	4	0	0	0	15	0	1	0	4	0	2	0	172	2	0	0	0	1	0	0	0	0	0	0	0	0	0	0	4	0	0	0	0	0	0	0	1	0	0	0	0	0	0	0	33	0	0	0	0	0	0	0	1	1	0	0	82736
19	0	0	55	0	0	0	3	0	0	0	1	0	0	0	0	1	21	11	82416	23	1	0	108	0	0	0	26	0	0	0	32	2	0	0	12	0	0	0	0	0	0	0	0	0	0	0	1	1	1	0	18	0	0	0	1	0	0	0	0	0	1	0	0	1	82736
20	0	0	0	0	0	0	0	0	0	0	0	0	23	0	1	0	0	0	0	0	0	0	0	0	0	0	0	0	23	0	0	1	0	0	0	0	0	0	0	1	1	0	0	0	90	0	2	3	14	0	3	0	13	1	1	1	30	0	1	1	82317	21	41	147	82736
21	1	0	0	0	0	0	0	0	0	1	3	0	0	1	21	2	0	0	0	0	0	0	0	0	0	0	1	0	0	0	3	0	1	0	14	0	1	0	12	0	1	0	67	0	15	7	82480	68	0	0	0	0	0	0	0	0	0	0	0	1	0	2	33	1	82736
22	0	1	0	0	0	1	0	0	0	0	0	0	0	11	0	3	0	0	0	0	0	0	0	0	0	0	0	0	1	14	0	0	0	0	0	0	0	0	0	0	0	0	0	0	0	105	0	0	1	7	1	0	0	9	0	1	0	30	0	0	52	82415	3	81	82736
23	1	0	0	48	0	1	0	15	0	1	0	25	6	23	25	82521	0	0	0	0	1	0	0	0	0	0	0	0	1	0	0	50	0	0	0	0	0	0	0	0	0	0	0	0	0	0	0	3	0	0	0	0	0	0	0	0	0	0	0	0	0	1	0	13	82735
24	1	0	0	0	1	1	0	0	0	3	0	0	46	0	0	0	72	2	0	0	39	0	0	0	46	0	1	0	81851	33	6	18	0	0	0	0	0	0	0	0	0	0	0	0	0	0	0	0	4	0	0	0	2	0	0	0	0	0	0	0	603	2	1	1	82733
25	0	46	1	1	2	13	0	0	74	82479	29	17	1	35	0	0	0	0	0	0	0	0	0	0	0	6	0	0	0	0	0	0	0	2	0	0	1	1	0	0	0	15	0	0	0	0	0	0	0	0	0	0	0	0	0	0	1	8	0	0	0	0	0	0	82732
26	1	106	0	1	46	82410	1	32	0	10	0	0	0	34	0	1	0	2	0	0	3	66	0	1	0	0	0	0	0	1	0	0	0	0	0	0	0	5	0	0	0	0	0	0	0	1	0	0	0	1	0	0	0	6	0	0	0	0	0	0	0	0	0	0	82728
27	0	0	0	0	0	0	0	0	0	0	0	0	0	0	0	0	0	0	0	0	0	0	0	0	0	0	0	0	0	0	0	0	0	0	0	0	0	0	0	0	0	0	0	0	0	0	0	0	0	0	0	0	0	0	0	0	0	0	0	0	0	0	0	0	0
28	0	0	0	0	0	0	0	0	0	0	0	0	0	0	0	0	0	0	0	0	0	0	0	0	0	0	0	0	0	0	0	0	0	0	0	0	0	0	0	0	0	0	0	0	0	0	0	0	0	0	0	0	0	0	0	0	0	0	0	0	0	0	0	0	0
