	AAA	AAG	AAC	AAT	AGA	AGG	AGC	AGT	ACA	ACG	ACC	ACT	ATA	ATG	ATC	ATT	GAA	GAG	GAC	GAT	GGA	GGG	GGC	GGT	GCA	GCG	GCC	GCT	GTA	GTG	GTC	GTT	CAA	CAG	CAC	CAT	CGA	CGG	CGC	CGT	CCA	CCG	CCC	CCT	CTA	CTG	CTC	CTT	TAA	TAG	TAC	TAT	TGA	TGG	TGC	TGT	TCA	TCG	TCC	TCT	TTA	TTG	TTC	TTT	SUM
0	0	0	0	0	0	0	0	0	3	0	0	0	0	0	0	0	14	0	0	0	0	0	0	0	26483	3	4	4	1	0	0	0	0	0	0	0	0	0	0	0	1	0	0	0	0	0	0	0	0	0	0	0	0	0	0	0	18	0	0	0	0	0	0	0	26531
1	0	0	0	0	0	0	0	0	0	0	0	0	0	0	0	9	0	0	0	0	0	0	0	0	0	0	0	0	0	0	0	0	0	0	0	0	0	0	0	0	0	0	0	4	0	2	3	26507	0	0	0	0	0	0	0	0	0	0	0	0	0	0	0	6	26531
2	0	1	2	0	0	0	0	0	0	0	3	0	4	1	26498	12	0	0	0	0	0	0	0	0	0	0	0	0	0	0	4	0	0	0	0	0	0	0	0	0	0	0	0	0	0	0	6	0	0	0	0	0	0	0	0	0	0	0	0	0	0	0	0	0	26531
3	0	0	0	0	1	3	0	0	0	0	0	0	0	0	0	0	0	0	0	0	0	1	0	0	0	0	0	0	0	0	0	0	0	0	0	0	0	8	0	0	0	0	0	0	0	0	0	0	0	8	0	0	13	26409	0	57	0	1	0	0	0	29	0	1	26531
4	0	0	9	0	0	0	0	0	0	0	0	0	0	0	0	0	8	1	26473	19	0	0	5	0	0	0	4	0	0	0	1	0	0	0	0	0	0	0	0	0	0	0	0	0	0	0	0	0	0	0	10	0	0	0	0	0	0	0	1	0	0	0	0	0	26531
5	0	0	0	14	0	0	0	0	0	0	0	0	0	0	0	0	3	1	10	26497	0	0	0	1	0	0	0	3	0	0	0	1	0	0	0	0	0	0	0	0	0	0	0	0	0	0	0	0	0	0	0	0	0	0	0	0	0	0	0	1	0	0	0	0	26531
6	0	0	0	0	0	0	0	0	0	0	0	0	0	5	0	1	0	0	0	0	0	0	0	0	0	0	0	0	0	0	0	0	0	3	0	0	0	1	0	0	0	17	0	0	22	26455	1	9	0	0	0	0	0	0	0	0	0	0	0	0	0	17	0	0	26531
7	0	0	0	0	0	7	0	0	0	0	0	0	0	0	0	0	0	0	0	0	0	0	0	0	0	0	0	0	0	5	0	0	0	35	0	0	14	26378	1	4	0	0	0	0	0	1	0	1	0	0	0	0	0	85	0	0	0	0	0	0	0	0	0	0	26531
8	0	0	41	0	6	2	26430	35	0	0	1	0	0	0	2	0	0	0	0	0	0	0	10	0	0	0	0	0	0	0	0	0	0	0	0	0	0	0	1	0	0	0	0	0	0	0	2	0	0	0	0	0	0	0	1	0	0	0	0	0	0	0	0	0	26531
9	0	0	0	0	0	0	0	0	0	0	0	0	0	14	0	0	0	0	0	0	0	0	0	0	0	0	0	0	0	2	0	0	0	23	0	0	0	16	0	0	2	33	0	0	45	26303	62	14	0	0	0	0	0	1	0	0	0	1	0	0	0	15	0	0	26531
10	0	0	0	0	0	0	6	0	0	0	0	0	0	0	0	0	0	0	0	0	0	0	24	0	0	0	0	0	0	0	0	0	0	0	0	0	0	0	16	0	0	0	0	0	0	0	0	0	0	0	41	0	6	3	26388	30	0	0	5	0	0	0	12	0	26531
11	0	0	0	0	0	0	0	0	0	0	0	0	0	0	1	0	1	0	0	0	0	0	0	0	0	0	0	0	0	0	4	0	0	0	1	0	0	0	4	0	0	0	18	0	6	1	26456	24	0	0	0	0	0	0	0	0	0	0	0	2	0	0	13	0	26531
12	0	0	0	0	0	0	0	0	0	0	0	0	0	0	7	0	0	0	0	0	0	0	0	0	0	0	0	0	0	0	4	0	0	0	0	0	0	0	0	0	0	0	0	0	0	0	46	0	0	0	3	0	0	0	3	0	0	0	11	0	9	3	26435	10	26531
13	85	63	164	260	47	30	779	395	437	440	868	456	272	877	268	366	68	182	31	28	555	1046	295	544	286	759	2055	390	535	1623	609	551	122	571	527	233	100	81	97	73	212	146	299	135	335	729	937	492	6	6	563	510	15	458	823	654	315	354	705	220	253	372	443	381	26531
14	0	0	7	0	0	0	0	0	0	0	1	0	0	0	0	0	0	0	22	0	0	0	0	0	0	0	0	0	1	0	2	0	0	0	23	0	0	0	0	0	0	0	0	0	0	0	0	0	7	1	26392	11	0	0	11	0	0	0	11	0	1	0	41	0	26531
15	0	0	13	1	0	0	0	0	0	0	1	0	0	0	0	1	0	0	4	0	0	0	0	0	0	1	0	0	0	0	0	0	5	2	26442	4	0	0	8	0	0	0	40	0	0	0	4	0	0	0	5	0	0	0	0	0	0	0	0	0	0	0	0	0	26531
16	0	0	0	0	0	0	11	1	0	1	1	0	0	0	0	0	0	0	0	0	0	0	2	1	0	0	1	0	1	0	0	0	0	0	38	0	4	11	26386	18	0	1	22	0	0	0	4	1	0	0	2	0	0	0	24	0	0	0	1	0	0	0	0	0	26531
17	0	0	0	0	0	0	0	1	0	1	0	0	0	7	0	0	0	0	0	0	0	1	0	0	0	0	0	0	0	12	0	0	0	0	0	0	0	0	0	0	0	0	0	0	0	45	0	0	0	2	0	0	0	4	0	0	1	8	0	0	5	26417	11	15	26530
18	12	2	0	0	26368	24	4	5	1	0	0	0	11	0	1	0	0	0	0	0	90	0	0	0	0	0	0	0	0	0	0	0	0	0	0	0	2	0	1	0	0	0	0	0	1	0	0	0	0	0	0	0	7	0	0	0	0	0	0	0	1	0	0	0	26530
19	0	0	15	0	0	0	2	0	0	0	0	0	0	0	0	0	4	2	26421	10	0	0	46	0	0	0	13	0	0	0	6	0	0	0	1	0	0	0	0	0	0	0	0	0	0	0	0	0	0	0	9	0	0	0	0	0	0	0	0	0	0	0	0	0	26529
20	0	0	0	0	1	0	0	0	0	0	0	0	11	0	1	0	0	1	0	0	0	0	0	0	0	0	0	0	7	0	0	0	0	0	0	0	0	0	0	0	0	0	0	0	16	0	1	0	4	0	0	1	8	0	0	0	12	0	1	0	26394	17	18	36	26529
21	1	0	0	0	0	0	0	0	0	0	0	0	0	0	11	0	0	0	0	0	0	0	0	0	0	0	0	0	0	0	2	0	0	1	4	0	0	0	10	0	1	0	16	0	2	1	26442	8	0	0	0	0	0	0	0	0	0	0	1	0	0	1	28	0	26529
22	0	0	0	0	0	0	0	0	0	0	0	0	0	4	0	1	0	0	0	0	0	0	0	0	0	0	0	0	0	4	0	0	0	0	0	0	0	0	0	0	0	0	0	0	0	8	0	1	0	1	0	0	0	4	0	0	0	4	0	0	3	26484	0	15	26529
23	1	0	0	10	0	0	0	9	0	0	0	7	7	4	10	26451	0	0	0	0	0	0	0	0	0	0	0	0	1	0	0	17	0	0	0	0	0	0	0	0	0	0	0	0	0	0	0	3	0	0	0	0	0	0	0	0	0	0	0	0	0	0	0	9	26529
24	1	0	0	0	1	0	0	0	0	1	0	0	13	0	0	0	19	0	0	1	13	0	0	0	14	0	0	0	26405	10	3	13	0	0	0	0	0	0	0	0	0	0	0	0	0	0	0	0	0	0	0	0	2	0	0	0	1	0	0	0	32	0	0	0	26529
25	2	15	0	0	0	4	0	0	26	26416	21	17	0	7	0	0	0	0	0	0	0	0	0	0	0	5	0	1	0	0	0	0	0	1	0	0	1	1	0	0	0	10	0	0	0	0	0	0	0	0	0	0	0	0	0	0	0	2	0	0	0	0	0	0	26529
26	0	58	0	0	6	26407	0	7	1	1	0	0	0	22	0	1	0	0	0	0	1	16	0	0	0	0	0	0	0	1	0	0	0	1	0	0	0	3	0	0	0	0	0	0	0	0	0	0	0	0	0	0	0	2	0	0	0	0	0	0	0	0	0	0	26527
27	0	0	0	0	0	0	0	0	0	0	0	0	0	0	0	0	0	0	0	0	0	0	0	0	0	0	0	0	0	0	0	0	0	0	0	0	0	0	0	0	0	0	0	0	0	0	0	0	0	0	0	0	0	0	0	0	0	0	0	0	0	0	0	0	0
28	0	0	0	0	0	0	0	0	0	0	0	0	0	0	0	0	0	0	0	0	0	0	0	0	0	0	0	0	0	0	0	0	0	0	0	0	0	0	0	0	0	0	0	0	0	0	0	0	0	0	0	0	0	0	0	0	0	0	0	0	0	0	0	0	0
