	AAA	AAG	AAC	AAT	AGA	AGG	AGC	AGT	ACA	ACG	ACC	ACT	ATA	ATG	ATC	ATT	GAA	GAG	GAC	GAT	GGA	GGG	GGC	GGT	GCA	GCG	GCC	GCT	GTA	GTG	GTC	GTT	CAA	CAG	CAC	CAT	CGA	CGG	CGC	CGT	CCA	CCG	CCC	CCT	CTA	CTG	CTC	CTT	TAA	TAG	TAC	TAT	TGA	TGG	TGC	TGT	TCA	TCG	TCC	TCT	TTA	TTG	TTC	TTT	SUM
0	0	0	0	0	0	0	0	0	6	0	0	0	0	0	0	0	34	0	0	0	0	0	0	0	53530	9	8	4	10	0	0	0	0	0	0	0	0	0	0	0	0	0	0	0	0	0	0	0	0	0	0	0	0	0	0	0	32	0	0	0	0	0	0	0	53633
1	0	0	0	0	0	0	0	0	0	0	0	0	0	0	0	20	0	0	0	0	0	0	0	0	0	0	0	0	0	0	0	7	0	1	0	8	0	0	0	5	0	0	0	10	1	2	4	53570	0	0	0	0	0	0	0	0	0	0	0	0	0	0	0	5	53633
2	0	0	5	0	0	0	3	0	0	0	4	0	15	1	53575	18	0	0	0	0	0	0	0	0	0	0	0	0	0	0	4	0	0	0	0	0	0	0	0	0	0	0	0	0	0	0	7	0	0	0	0	0	0	0	0	0	0	0	0	0	0	0	1	0	53633
3	0	0	0	0	0	2	0	0	0	0	0	0	0	0	0	0	0	0	0	0	0	4	0	0	0	0	0	0	0	0	0	0	0	0	0	0	0	17	0	0	0	0	0	0	0	0	0	0	0	3	0	0	30	53352	2	83	0	1	0	0	0	135	0	4	53633
4	0	0	37	0	0	0	1	0	0	0	0	0	0	0	0	0	81	3	53341	106	0	0	22	0	0	0	4	0	0	0	4	0	0	0	0	0	0	0	0	0	0	0	0	0	0	0	0	0	0	0	31	0	0	0	0	0	0	0	2	0	0	0	0	0	53632
5	0	0	0	44	0	0	0	0	0	0	0	0	0	0	0	0	7	4	18	53516	0	0	0	8	0	0	0	14	0	0	0	5	0	0	0	0	0	0	0	0	0	0	0	0	0	0	0	0	0	0	0	15	0	0	0	0	0	0	0	1	0	0	0	0	53632
6	0	0	0	0	0	0	0	0	0	0	0	0	0	14	0	0	0	0	0	0	0	0	0	0	0	0	0	0	0	3	0	0	0	6	0	0	0	5	0	0	0	26	0	0	28	53524	2	8	0	0	0	0	0	0	0	0	0	0	0	0	0	16	0	0	53632
7	0	0	0	0	0	7	0	0	0	0	0	0	0	0	0	0	0	0	0	0	0	3	0	0	0	0	0	0	0	0	0	0	0	50	0	0	18	53428	1	7	0	0	0	0	0	6	0	2	0	0	0	0	0	110	0	0	0	0	0	0	0	0	0	0	53632
8	0	0	25	0	19	4	53455	72	0	0	6	0	0	0	14	0	0	0	0	0	0	1	21	0	0	0	0	0	0	0	0	0	0	0	0	0	0	0	10	0	0	0	0	0	0	1	0	0	0	0	0	0	0	0	4	0	0	0	0	0	0	0	0	0	53632
9	0	0	0	0	0	0	0	0	0	0	0	0	0	31	0	0	0	0	0	0	0	0	0	0	0	0	0	0	0	4	0	0	0	35	0	0	0	19	0	1	0	79	0	2	41	53353	1	44	0	0	0	0	0	1	1	0	0	0	0	0	0	20	0	0	53632
10	0	0	0	0	0	0	18	0	0	0	0	0	0	0	0	0	0	0	1	0	0	0	40	0	0	0	0	0	0	2	0	0	0	0	0	0	0	0	30	0	0	0	0	0	0	0	1	1	0	0	83	1	23	13	53270	111	0	0	16	0	1	0	21	0	53632
11	0	0	0	0	0	0	0	0	0	0	0	0	0	0	11	0	0	0	0	0	0	0	0	0	0	0	0	0	0	0	4	0	0	0	10	0	0	0	9	0	0	0	57	1	4	2	53501	22	0	0	0	0	0	0	0	0	0	0	1	0	0	0	10	0	53632
12	0	0	0	0	0	0	0	0	0	0	0	0	1	0	8	0	0	0	1	0	0	0	0	0	0	0	0	0	0	0	3	1	0	0	0	0	0	0	1	0	0	0	0	0	0	0	22	1	0	0	37	0	1	0	8	0	0	0	12	0	23	3	53489	21	53632
13	0	0	59	0	10	5	53446	31	0	0	5	0	0	0	12	0	0	0	1	0	0	1	36	0	0	0	0	0	0	0	0	1	0	1	0	0	0	0	13	0	0	0	0	0	0	0	1	0	0	0	1	0	0	1	6	0	0	0	0	0	0	0	2	0	53632
14	0	0	2	0	0	0	5	0	0	0	0	0	0	0	0	0	0	0	6	0	0	0	0	0	0	0	0	0	1	0	0	0	0	0	29	0	0	0	0	3	0	0	1	0	1	0	1	0	17	2	53448	41	0	0	12	0	0	0	15	0	1	1	46	0	53632
15	450	804	1941	246	179	42	520	231	671	1047	752	801	303	1008	778	530	1435	3858	2435	1281	223	214	341	362	920	3418	763	1046	1510	2741	467	1023	1646	1965	3235	1583	314	479	868	275	112	180	215	224	817	1476	61	1081	10	40	923	558	9	132	262	198	746	1094	405	283	467	865	252	517	53632
16	0	0	0	0	0	2	24	1	0	0	1	0	0	0	0	0	0	0	1	0	1	1	28	2	0	0	2	1	0	0	0	0	1	1	100	2	8	31	53258	34	0	4	48	1	0	0	22	0	0	0	0	0	0	0	53	1	0	1	0	0	0	1	1	1	53632
17	0	0	0	0	1	0	0	0	0	1	0	0	0	15	0	0	0	0	0	0	1	0	0	0	0	0	0	0	0	19	0	0	0	0	0	0	0	0	0	0	0	0	0	0	0	23	0	1	0	4	1	0	0	14	0	0	0	16	0	0	14	53488	3	31	53632
18	24	1	0	0	53389	33	11	7	1	0	0	0	14	0	0	0	1	1	2	0	103	3	0	0	0	0	0	0	0	0	0	0	0	0	0	0	11	0	3	0	0	0	0	0	0	0	1	0	0	0	0	0	25	0	0	0	0	0	0	0	1	0	0	1	53632
19	0	0	34	0	1	0	3	0	0	0	0	0	0	0	0	0	32	8	53403	20	0	0	68	0	0	0	22	0	0	0	19	0	0	0	7	0	0	0	0	0	0	0	0	0	0	0	1	0	0	0	10	0	0	0	1	0	0	0	0	0	1	1	0	1	53632
20	0	0	0	0	0	0	0	0	0	0	0	0	13	0	0	1	1	0	0	0	0	0	0	0	0	0	0	0	22	0	0	1	0	0	0	0	0	0	0	0	1	0	0	0	50	0	2	4	3	0	2	0	9	0	0	0	16	0	0	1	53343	32	29	102	53632
21	2	0	0	0	0	0	1	0	0	0	1	0	0	0	58	1	0	0	0	0	0	0	0	0	0	0	0	0	1	1	4	0	0	0	10	1	0	0	11	0	0	0	50	3	15	2	53407	24	0	0	0	0	0	0	1	0	0	0	0	0	0	2	37	0	53632
22	0	0	0	0	0	0	0	0	0	1	0	0	0	10	0	2	0	0	0	0	0	0	0	0	0	0	0	0	1	8	0	0	0	0	0	0	0	0	0	0	0	0	0	0	0	17	0	0	0	6	0	0	1	6	0	0	0	15	0	0	15	53511	7	32	53632
23	1	0	0	33	0	2	0	13	0	1	0	11	2	13	21	53458	0	0	0	0	0	0	0	0	0	0	0	0	2	0	0	45	0	0	0	0	0	0	0	0	0	0	0	1	0	0	0	8	0	0	0	0	0	0	0	1	0	0	0	0	0	1	0	19	53632
24	0	0	0	0	1	1	0	0	0	2	0	0	61	0	0	0	29	0	1	0	15	0	0	0	15	0	0	0	53308	29	5	12	0	0	0	0	0	0	0	0	1	0	0	0	2	0	0	0	1	0	0	0	2	0	0	0	0	0	0	0	145	1	0	0	53631
25	0	60	0	0	0	7	0	0	106	53218	11	190	0	20	0	0	0	0	0	0	0	0	0	0	0	6	0	0	0	0	0	0	0	0	0	0	0	0	0	0	0	4	0	0	0	0	0	0	0	0	0	0	0	0	0	0	0	8	0	0	0	0	0	0	53630
26	0	86	0	1	18	53358	2	32	0	1	0	0	0	63	0	0	0	1	0	0	0	53	0	0	0	0	0	0	0	0	0	0	0	0	0	0	0	6	0	0	0	0	0	0	0	0	0	0	0	0	0	0	0	7	0	0	0	0	0	0	0	0	0	0	53628
27	0	0	0	0	0	0	0	0	0	0	0	0	0	0	0	0	0	0	0	0	0	0	0	0	0	0	0	0	0	0	0	0	0	0	0	0	0	0	0	0	0	0	0	0	0	0	0	0	0	0	0	0	0	0	0	0	0	0	0	0	0	0	0	0	0
28	0	0	0	0	0	0	0	0	0	0	0	0	0	0	0	0	0	0	0	0	0	0	0	0	0	0	0	0	0	0	0	0	0	0	0	0	0	0	0	0	0	0	0	0	0	0	0	0	0	0	0	0	0	0	0	0	0	0	0	0	0	0	0	0	0
