	AAA	AAG	AAC	AAT	AGA	AGG	AGC	AGT	ACA	ACG	ACC	ACT	ATA	ATG	ATC	ATT	GAA	GAG	GAC	GAT	GGA	GGG	GGC	GGT	GCA	GCG	GCC	GCT	GTA	GTG	GTC	GTT	CAA	CAG	CAC	CAT	CGA	CGG	CGC	CGT	CCA	CCG	CCC	CCT	CTA	CTG	CTC	CTT	TAA	TAG	TAC	TAT	TGA	TGG	TGC	TGT	TCA	TCG	TCC	TCT	TTA	TTG	TTC	TTT	SUM
0	0	0	0	0	0	0	1	0	2	0	0	0	0	0	0	0	6	0	0	0	1	0	0	0	25030	0	4	2	1	0	0	0	0	0	0	0	0	0	0	0	2	0	0	0	0	0	0	0	0	0	0	0	0	0	0	0	11	0	1	0	0	0	0	0	25061
1	0	0	0	0	0	0	0	0	0	0	0	0	0	0	0	7	0	0	0	0	0	0	0	0	0	0	0	0	0	0	0	0	0	0	0	4	0	0	0	0	0	0	0	3	0	1	4	25039	0	0	0	0	0	0	0	0	0	0	0	0	0	0	0	3	25061
2	0	0	0	0	0	0	0	0	0	0	2	0	7	1	25046	3	0	0	0	0	0	0	0	0	0	0	0	0	0	0	2	0	0	0	0	0	0	0	0	0	0	0	0	0	0	0	0	0	0	0	0	0	0	0	0	0	0	0	0	0	0	0	0	0	25061
3	0	0	0	0	0	2	0	0	0	0	0	0	0	0	0	0	0	0	0	0	0	3	0	0	0	0	0	0	0	0	0	0	0	0	0	0	0	4	0	0	0	0	0	0	0	0	0	0	0	5	0	0	9	24996	1	17	0	2	0	0	0	21	0	1	25061
4	0	0	8	0	0	0	0	0	0	0	0	0	0	0	0	0	64	1	24892	40	0	0	10	0	0	0	0	0	0	0	1	0	0	0	0	0	0	0	0	0	0	0	0	0	0	0	0	0	1	0	43	0	0	0	0	0	0	0	0	0	0	0	0	0	25060
5	0	0	0	9	0	0	0	0	0	0	0	0	0	0	0	0	3	0	10	25007	0	0	0	4	0	0	0	4	0	0	0	1	0	0	0	1	0	0	0	0	0	0	0	0	0	0	0	0	0	0	0	21	0	0	0	0	0	0	0	0	0	0	0	0	25060
6	0	0	0	0	0	0	0	0	0	0	0	0	0	9	0	0	0	0	0	0	0	0	0	0	0	0	0	0	0	0	0	0	0	3	0	0	0	1	0	0	0	13	0	0	12	24968	0	50	0	0	0	0	0	0	0	0	0	0	0	0	0	4	0	0	25060
7	0	0	0	0	1	2	0	0	0	0	0	0	0	0	0	0	0	0	0	0	0	2	0	0	0	0	0	0	0	0	0	0	0	46	0	0	9	24782	1	58	0	2	0	0	0	16	0	0	0	0	0	0	0	141	0	0	0	0	0	0	0	0	0	0	25060
8	0	0	17	0	105	3	24879	33	0	0	2	0	0	0	5	0	0	0	0	0	0	0	9	0	0	0	0	0	0	0	0	0	0	0	0	0	0	0	6	0	0	0	0	0	0	0	0	0	0	0	0	0	0	0	1	0	0	0	0	0	0	0	0	0	25060
9	0	0	0	0	0	0	0	0	0	0	0	0	0	58	0	0	0	0	0	0	0	0	0	0	0	0	0	0	0	4	0	0	0	15	0	0	0	12	0	0	0	25	0	0	33	24868	1	34	0	0	0	0	0	0	0	0	0	0	0	0	0	10	0	0	25060
10	0	0	0	0	0	0	5	0	0	0	0	0	0	0	1	0	0	0	0	0	0	0	26	0	0	0	0	0	0	0	0	0	0	0	0	0	0	0	17	0	0	0	0	0	0	0	0	0	0	0	22	0	5	6	24794	106	0	0	1	0	0	0	77	0	25060
11	0	0	0	0	0	0	0	0	0	0	0	0	0	0	14	0	0	0	0	0	0	0	0	0	0	0	0	0	0	0	0	0	0	0	4	0	0	0	8	0	0	0	21	0	7	0	24987	14	0	0	0	0	0	0	0	0	0	0	0	0	0	0	5	0	25060
12	0	0	0	0	0	0	1	0	0	0	0	0	0	0	2	0	0	0	0	0	0	0	0	0	0	0	0	0	0	0	3	0	0	0	0	0	0	0	1	0	0	0	0	0	0	0	5	0	0	0	6	0	0	0	4	0	0	0	11	0	9	2	25005	11	25060
13	0	1	20	0	3	2	24994	6	0	1	3	0	0	0	7	0	0	0	0	0	0	0	14	0	0	0	0	0	0	0	0	0	0	0	1	0	0	0	3	0	0	0	0	0	0	0	0	0	0	0	1	0	0	0	3	0	0	0	1	0	0	0	0	0	25060
14	1	0	1	0	0	0	0	0	0	0	0	0	0	0	0	0	0	0	2	0	0	0	0	0	0	0	0	0	0	0	0	0	0	0	11	0	0	0	0	0	0	0	0	0	0	0	0	0	6	0	24980	20	0	0	14	0	0	0	8	0	1	0	16	0	25060
15	0	0	16	1	0	0	0	0	0	0	1	0	0	0	0	0	0	0	1	0	0	0	0	0	0	0	0	0	0	0	0	0	7	0	24959	11	0	0	10	0	1	0	42	0	0	0	2	0	0	0	7	0	0	0	0	0	0	0	1	0	0	0	0	1	25060
16	0	0	0	0	0	1	8	0	0	0	0	0	0	0	0	0	0	0	0	0	0	0	1	0	0	0	0	0	0	0	0	0	1	0	51	0	5	11	24913	18	0	2	23	0	1	0	11	0	0	0	0	0	0	0	12	0	0	0	1	0	0	1	0	0	25060
17	0	0	0	0	0	0	0	0	0	1	0	0	0	3	0	1	0	0	0	0	0	0	0	1	0	0	0	0	0	11	1	0	0	0	0	0	0	0	0	0	0	0	0	0	0	18	2	0	0	2	0	0	0	6	0	0	0	8	0	1	6	24974	1	24	25060
18	55	80	536	293	640	548	607	475	551	395	602	379	116	512	146	209	219	215	147	286	606	1301	650	431	300	970	923	549	233	226	146	426	438	460	760	425	399	502	558	472	19	20	30	21	209	370	459	166	3	6	539	609	11	448	620	444	351	219	625	737	138	814	210	206	25060
19	1	0	18	0	0	0	2	0	0	0	2	0	0	0	0	1	12	0	24925	3	1	0	52	0	0	0	9	0	1	0	6	0	0	0	7	0	0	0	0	0	0	0	0	0	0	0	0	0	0	0	19	0	0	0	0	0	0	0	0	0	1	0	0	0	25060
20	1	0	0	0	0	0	0	0	0	1	0	0	9	0	1	0	0	0	0	0	0	0	0	0	0	0	0	0	6	1	0	1	0	0	0	0	0	0	0	0	0	0	0	0	25	0	1	3	5	0	1	0	9	0	1	0	8	0	0	0	24917	18	13	39	25060
21	0	0	0	0	0	0	0	0	0	1	0	0	0	1	8	0	0	0	0	0	0	0	0	0	0	0	0	0	0	0	1	0	0	0	4	0	0	0	5	0	0	0	19	1	2	2	24990	14	0	0	0	0	0	0	0	0	0	0	0	0	0	1	11	0	25060
22	0	0	0	0	0	1	0	0	0	0	0	0	0	2	0	1	0	0	0	0	0	0	0	0	0	0	0	0	0	8	0	0	0	0	0	0	0	1	0	0	0	0	0	0	0	15	0	1	0	0	0	0	1	5	0	0	0	9	0	0	5	24994	0	16	25059
23	0	0	0	11	0	0	0	8	0	0	0	5	2	9	13	24983	0	0	0	1	0	0	0	0	0	0	0	0	1	0	0	11	0	0	0	0	0	0	0	0	0	0	0	0	0	0	0	1	0	0	0	0	0	0	0	0	0	0	0	0	0	0	0	13	25058
24	0	0	0	0	0	0	0	0	0	1	0	0	12	0	0	0	17	0	0	0	11	1	0	0	12	0	0	1	24940	18	3	9	0	0	0	0	0	0	0	0	0	0	0	0	3	0	0	0	0	0	0	0	0	0	0	0	1	0	0	0	28	0	0	0	25057
25	0	10	0	0	0	3	0	0	66	24938	9	7	0	6	0	0	0	0	0	0	0	0	0	0	0	10	0	0	0	0	0	0	0	1	0	0	0	0	0	0	1	4	0	0	0	0	0	0	0	0	0	0	0	0	0	0	0	2	0	0	0	0	0	0	25057
26	0	37	0	0	8	23961	1	20	0	1	0	0	22	975	0	0	0	2	0	0	0	21	0	0	0	0	0	0	1	0	0	0	0	0	0	0	0	5	0	0	0	0	0	0	0	0	0	0	0	0	0	0	0	1	0	0	0	0	0	0	0	0	0	0	25055
27	0	0	0	0	0	0	0	0	0	0	0	0	0	0	0	0	0	0	0	0	0	0	0	0	0	0	0	0	0	0	0	0	0	0	0	0	0	0	0	0	0	0	0	0	0	0	0	0	0	0	0	0	0	0	0	0	0	0	0	0	0	0	0	0	0
28	0	0	0	0	0	0	0	0	0	0	0	0	0	0	0	0	0	0	0	0	0	0	0	0	0	0	0	0	0	0	0	0	0	0	0	0	0	0	0	0	0	0	0	0	0	0	0	0	0	0	0	0	0	0	0	0	0	0	0	0	0	0	0	0	0
