	AAA	AAG	AAC	AAT	AGA	AGG	AGC	AGT	ACA	ACG	ACC	ACT	ATA	ATG	ATC	ATT	GAA	GAG	GAC	GAT	GGA	GGG	GGC	GGT	GCA	GCG	GCC	GCT	GTA	GTG	GTC	GTT	CAA	CAG	CAC	CAT	CGA	CGG	CGC	CGT	CCA	CCG	CCC	CCT	CTA	CTG	CTC	CTT	TAA	TAG	TAC	TAT	TGA	TGG	TGC	TGT	TCA	TCG	TCC	TCT	TTA	TTG	TTC	TTT	SUM
0	0	0	0	0	0	0	0	0	0	0	0	0	0	0	0	0	14	0	0	0	1	0	0	0	20143	1	1	2	2	0	0	0	0	0	0	0	0	0	0	0	1	0	0	0	0	0	0	0	0	0	0	0	0	0	0	0	12	0	0	0	0	0	0	0	20177
1	0	1	0	0	0	0	0	0	0	0	0	0	0	0	0	3	0	0	0	0	0	0	0	0	0	0	0	0	0	0	0	1	0	0	0	2	0	0	0	0	0	0	0	2	1	1	0	20160	0	0	0	0	0	0	0	0	0	0	0	0	0	0	0	6	20177
2	0	1	0	0	0	0	0	0	0	0	2	0	1	1	20162	2	0	0	0	0	0	0	0	0	0	0	0	0	0	0	2	0	0	0	0	0	0	0	0	0	0	0	0	0	0	0	6	0	0	0	0	0	0	0	0	0	0	0	0	0	0	0	0	0	20177
3	0	0	0	0	0	1	0	0	0	0	0	0	0	0	0	0	0	0	0	0	0	2	0	0	0	0	0	0	0	0	0	0	0	0	0	0	0	2	0	0	0	0	0	0	0	0	0	0	0	1	0	0	5	20113	2	11	0	1	0	0	0	35	0	4	20177
4	0	0	9	0	0	0	0	0	0	0	0	0	0	0	0	0	13	1	20111	20	0	0	6	0	0	0	2	0	0	0	1	0	0	0	1	0	0	0	0	0	0	0	0	0	0	0	0	0	0	0	13	0	0	0	0	0	0	0	0	0	0	0	0	0	20177
5	0	0	0	12	0	0	0	0	0	0	0	0	0	0	0	0	3	1	10	20139	0	0	0	3	0	0	0	3	0	0	0	1	0	0	0	0	0	0	0	0	0	0	0	0	0	0	0	0	0	0	0	3	0	0	0	0	0	0	0	2	0	0	0	0	20177
6	0	0	0	0	0	0	0	0	0	0	0	0	0	3	0	0	0	1	0	0	0	0	0	0	0	0	0	0	0	1	0	0	0	5	0	0	0	4	0	0	0	14	0	0	16	20019	0	109	0	0	0	0	0	0	0	0	0	0	0	0	0	5	0	0	20177
7	0	0	0	0	0	6	0	0	0	0	0	0	0	0	0	0	0	0	0	0	0	1	0	0	0	0	0	0	0	0	0	0	0	13	0	0	34	19853	2	4	0	11	0	0	0	89	0	0	0	0	0	0	0	164	0	0	0	0	0	0	0	0	0	0	20177
8	0	0	17	0	3	2	20095	22	0	0	25	0	0	0	5	0	0	0	0	0	0	0	0	0	0	0	0	0	0	0	0	0	0	0	0	0	0	0	6	0	0	0	0	0	0	0	0	0	0	0	0	0	0	0	2	0	0	0	0	0	0	0	0	0	20177
9	0	0	0	0	0	0	0	0	0	0	0	0	0	12	0	0	0	0	0	0	0	0	0	0	0	0	0	0	0	3	0	0	0	20	0	0	0	7	0	0	0	27	0	0	16	19951	1	133	0	0	0	0	0	0	0	0	0	0	0	0	0	7	0	0	20177
10	0	0	0	0	0	0	9	0	0	0	0	0	0	0	0	0	0	0	0	0	0	0	28	0	0	0	0	0	0	0	1	0	0	0	0	0	0	0	13	0	0	0	1	0	0	0	0	0	0	0	20	0	2	2	20033	52	0	0	1	0	0	0	15	0	20177
11	0	0	0	0	0	0	0	0	0	0	0	0	0	0	21	0	0	0	0	0	0	0	0	0	0	0	0	0	0	0	3	0	0	0	2	0	0	0	4	0	1	0	12	0	85	1	19889	155	0	0	0	0	0	0	0	0	0	0	0	0	0	0	4	0	20177
12	0	0	1	0	0	0	0	0	0	0	0	0	0	0	4	0	0	0	0	0	0	0	0	0	0	0	0	0	0	0	3	0	0	0	0	0	0	0	0	0	0	0	0	0	0	0	10	0	0	0	22	0	0	0	1	1	0	0	9	0	1	3	20115	7	20177
13	0	0	12	0	7	1	20001	13	0	0	2	0	24	0	15	0	0	0	0	0	0	24	47	1	0	0	0	0	0	0	1	0	0	0	0	0	0	0	5	0	0	4	1	0	0	0	0	0	0	0	0	0	0	0	6	0	11	0	1	0	0	1	0	0	20177
14	0	0	3	0	0	0	0	0	0	0	0	0	0	0	0	0	0	0	1	0	0	0	0	0	0	0	0	0	0	0	0	0	0	0	10	0	0	0	0	0	0	0	0	0	0	0	0	0	10	0	20086	4	0	0	37	0	0	0	11	0	0	1	14	0	20177
15	1	0	70	0	0	0	0	0	0	0	0	0	0	0	0	1	0	0	2	0	0	0	0	0	0	0	0	0	0	0	0	0	7	1	20042	8	0	0	4	0	0	0	33	0	0	0	6	0	0	0	2	0	0	0	0	0	0	0	0	0	0	0	0	0	20177
16	0	0	0	0	0	0	4	0	0	0	1	0	0	0	0	0	0	0	0	0	0	0	4	0	0	0	0	0	1	0	0	0	0	1	58	0	14	8	20018	15	0	0	16	0	1	1	22	0	0	0	0	0	0	0	11	0	0	0	1	0	0	0	0	0	20176
17	0	0	0	0	0	0	0	0	0	1	0	0	0	2	0	0	0	0	0	0	0	0	0	0	0	0	0	0	0	4	0	0	0	0	0	0	0	0	0	0	0	0	0	0	0	19	0	0	0	3	0	0	0	7	0	0	0	6	0	0	14	20104	1	15	20176
18	8	1	0	0	20038	17	3	4	1	0	0	0	8	0	0	0	2	1	0	0	48	2	0	0	0	0	0	0	0	0	0	0	1	0	0	0	35	0	0	0	0	0	0	0	0	0	0	0	0	0	0	0	6	1	0	0	0	0	0	0	0	0	0	0	20176
19	0	0	13	0	0	0	0	0	0	0	0	0	0	0	0	1	10	1	20105	12	0	0	13	0	0	0	6	0	0	0	6	0	0	0	2	0	0	0	0	0	0	0	1	0	0	0	0	0	0	0	5	0	0	0	0	0	0	0	0	0	0	0	0	0	20175
20	77	52	547	81	29	16	217	110	75	23	477	128	330	82	628	455	229	127	221	311	323	268	398	466	161	183	760	195	408	412	215	546	408	83	792	426	82	50	167	173	36	39	66	22	696	417	682	727	11	9	347	449	9	58	575	1026	207	133	253	502	972	522	782	904	20175
21	0	0	0	0	0	0	0	0	0	1	1	0	0	0	7	1	0	0	0	0	0	0	0	0	0	0	0	0	0	0	3	0	0	0	4	0	0	0	5	0	0	0	22	0	6	2	20090	16	0	0	0	0	0	0	1	0	0	0	0	1	0	0	14	1	20175
22	0	0	0	0	0	1	0	0	0	0	0	0	0	2	0	0	0	0	0	0	0	0	0	0	0	0	0	0	2	8	0	2	0	0	0	0	0	1	0	0	0	0	0	0	0	4	0	0	0	1	0	0	1	3	0	0	0	9	0	0	6	20122	1	12	20175
23	0	0	0	9	0	0	0	9	0	1	0	9	1	11	5	20108	0	0	0	0	0	0	0	1	0	0	0	0	0	0	0	7	0	0	0	0	0	0	0	0	0	0	0	0	0	0	0	1	0	0	0	0	0	0	0	1	0	0	0	0	0	0	0	11	20174
24	1	0	0	0	0	2	0	0	0	0	0	0	9	0	0	0	12	0	0	0	11	0	0	0	6	0	0	0	20082	4	3	9	0	0	0	0	0	0	0	0	0	0	0	0	0	0	0	0	0	0	0	0	0	0	0	0	0	0	0	0	32	1	0	0	20172
25	0	10	0	0	0	1	0	0	26	20102	9	4	0	5	0	0	0	0	0	0	0	0	0	0	0	4	0	0	0	0	0	0	0	0	0	0	0	0	0	0	0	3	0	0	0	0	0	0	0	0	0	0	0	0	0	0	0	5	0	0	0	0	0	0	20169
26	0	38	0	1	7	20086	1	6	0	0	0	0	0	7	0	0	0	1	0	0	0	19	0	0	0	0	0	0	0	0	0	0	0	0	0	0	0	1	0	0	0	0	0	0	0	0	0	0	0	0	0	0	0	2	0	0	0	0	0	0	0	0	0	0	20169
27	0	0	0	0	0	0	0	0	0	0	0	0	0	0	0	0	0	0	0	0	0	0	0	0	0	0	0	0	0	0	0	0	0	0	0	0	0	0	0	0	0	0	0	0	0	0	0	0	0	0	0	0	0	0	0	0	0	0	0	0	0	0	0	0	0
28	0	0	0	0	0	0	0	0	0	0	0	0	0	0	0	0	0	0	0	0	0	0	0	0	0	0	0	0	0	0	0	0	0	0	0	0	0	0	0	0	0	0	0	0	0	0	0	0	0	0	0	0	0	0	0	0	0	0	0	0	0	0	0	0	0
