	AAA	AAG	AAC	AAT	AGA	AGG	AGC	AGT	ACA	ACG	ACC	ACT	ATA	ATG	ATC	ATT	GAA	GAG	GAC	GAT	GGA	GGG	GGC	GGT	GCA	GCG	GCC	GCT	GTA	GTG	GTC	GTT	CAA	CAG	CAC	CAT	CGA	CGG	CGC	CGT	CCA	CCG	CCC	CCT	CTA	CTG	CTC	CTT	TAA	TAG	TAC	TAT	TGA	TGG	TGC	TGT	TCA	TCG	TCC	TCT	TTA	TTG	TTC	TTT	SUM
0	1	0	0	0	0	0	0	0	45	0	0	1	0	0	0	0	111	0	1	0	7	0	0	0	246312	30	36	19	59	0	0	0	0	0	0	0	0	0	0	0	12	0	0	0	0	0	0	0	0	0	0	0	0	0	0	0	143	0	1	0	0	0	0	0	246778
1	0	0	0	0	0	0	0	0	0	0	0	0	0	0	0	78	0	0	0	0	0	0	0	0	0	0	0	0	0	0	0	7	1	0	0	28	1	0	0	12	0	0	0	26	16	7	41	246507	0	0	0	0	0	0	0	0	0	0	0	0	0	0	0	54	246778
2	0	1	14	0	1	0	5	1	0	0	33	0	79	12	246502	70	0	0	0	0	0	0	0	0	0	0	0	0	0	0	27	0	0	0	0	0	0	0	0	0	0	0	0	0	0	0	21	0	0	0	0	0	0	0	0	0	0	0	0	0	0	0	12	0	246778
3	0	0	0	0	0	9	0	0	0	0	0	0	0	0	0	0	0	1	0	0	0	28	0	0	0	0	0	0	0	0	0	0	0	0	0	0	0	51	0	0	0	0	0	0	0	0	0	0	0	29	0	0	151	245652	7	512	0	3	0	0	0	325	0	10	246778
4	1	0	104	0	0	0	0	0	0	0	0	0	0	0	0	0	85	13	245953	393	0	0	98	1	0	0	25	0	0	0	9	0	0	0	3	0	0	0	0	0	0	0	0	0	0	0	0	0	0	0	90	0	0	0	0	0	0	0	3	0	0	0	0	0	246778
5	0	0	0	163	0	0	0	0	1	0	0	0	0	0	0	0	45	5	94	246329	0	0	0	43	0	1	0	32	0	0	0	25	1	0	0	2	0	0	0	0	0	0	0	0	0	0	0	0	0	0	0	34	0	0	0	1	0	0	0	2	0	0	0	0	246778
6	0	2	0	0	0	0	0	0	0	0	0	0	0	46	0	0	0	0	0	0	0	0	0	0	0	0	0	0	0	0	0	0	1	44	0	0	0	11	0	0	0	173	0	0	203	246136	14	39	0	0	0	0	0	0	0	0	0	0	0	0	0	109	0	0	246778
7	0	0	0	0	2	36	1	0	0	0	0	0	0	0	0	0	0	0	0	0	0	9	0	0	0	0	0	0	0	0	0	0	0	134	0	0	53	246080	12	21	0	7	0	1	1	19	0	1	0	0	0	0	0	401	0	0	0	0	0	0	0	0	0	0	246778
8	0	0	156	0	110	21	246046	268	0	0	6	0	0	2	22	0	0	0	2	0	0	1	69	0	0	0	0	0	0	0	0	0	0	0	1	0	0	0	60	0	0	0	1	0	0	0	1	0	0	0	0	0	0	0	12	0	0	0	0	0	0	0	0	0	246778
9	0	0	0	0	0	1	0	0	0	0	0	0	1	159	0	0	0	0	0	0	0	0	0	0	0	0	0	0	0	17	1	0	0	175	0	1	1	102	1	1	1	287	0	0	229	245451	15	186	0	0	0	0	0	1	1	0	0	0	0	0	1	144	0	2	246778
10	0	0	0	0	0	0	49	0	0	0	0	0	0	0	0	0	0	0	1	0	0	1	209	0	0	0	0	0	0	0	18	0	0	0	0	0	1	0	130	0	0	0	1	0	0	0	1	0	3	2	351	0	47	40	245240	544	0	0	15	0	0	1	124	0	246778
11	0	0	0	0	0	0	0	0	0	0	0	0	0	0	41	0	0	0	0	0	0	0	0	0	0	0	0	0	0	0	4	0	0	0	31	0	0	0	41	1	0	0	210	2	31	55	246205	93	0	0	1	0	0	0	2	0	0	0	1	0	0	0	59	1	246778
12	0	0	1	0	0	0	2	0	0	0	0	0	0	0	736	0	0	0	0	0	2	0	1	0	0	0	0	0	0	0	17	0	0	0	0	0	0	0	0	0	0	0	0	0	0	0	113	0	0	0	149	0	0	1	29	0	0	0	123	0	55	15	245442	92	246778
13	2	1	214	0	89	41	245952	109	1	1	19	2	1	1	80	1	0	0	2	0	0	0	151	1	0	0	1	0	0	0	0	0	0	1	1	0	2	0	48	0	0	0	1	0	0	0	3	0	0	0	3	0	2	0	44	2	0	0	0	0	0	1	1	0	246778
14	1	0	14	0	1	1	0	0	0	0	1	0	0	0	0	0	1	0	29	0	0	1	0	0	0	0	0	0	0	0	0	2	1	0	147	0	0	0	24	0	0	0	2	0	1	0	2	0	64	10	246099	49	0	0	55	0	2	0	84	0	4	2	179	2	246778
15	2	0	127	0	1	0	0	0	0	1	8	1	1	1	0	1	0	1	14	0	1	2	1	0	0	1	0	0	0	0	2	0	129	16	245615	126	1	0	104	0	8	2	511	3	0	0	25	2	0	0	65	0	0	0	0	0	0	0	0	0	1	2	2	0	246777
16	1627	4738	2951	1208	1084	1427	1314	3384	3220	4128	2794	3647	947	7973	652	1218	2513	5016	538	1358	3846	8086	1837	1167	2587	10863	5257	4666	2887	5236	4413	3711	1541	6582	4139	4662	7472	17745	24693	5990	397	637	564	364	2589	4417	3104	3401	63	96	8777	7249	70	9037	2086	4498	2505	3305	2699	1579	2339	3717	2409	1758	246777
17	0	1	0	1	3	1	0	0	0	1	1	0	0	71	0	2	0	5	2	0	1	2	0	0	0	0	1	0	1	223	0	1	0	0	0	0	0	1	0	0	0	0	0	0	0	107	3	0	0	18	0	0	1	90	0	2	0	95	1	0	50	245855	13	223	246776
18	154	5	0	1	245597	186	63	44	11	1	1	0	43	0	3	1	9	0	5	0	519	10	2	0	0	0	0	0	1	0	1	1	0	0	0	0	22	1	3	0	0	0	0	0	1	0	2	0	0	0	0	0	77	2	1	1	0	0	0	0	5	2	0	1	246776
19	3	0	132	0	0	1	7	0	0	2	4	0	0	0	0	2	64	22	245881	71	4	1	318	1	3	1	94	2	1	0	72	1	0	0	13	0	0	0	0	0	0	0	1	0	0	1	2	0	1	0	51	1	0	0	3	1	0	0	4	0	3	2	0	3	246773
20	1	1	1	1	0	1	0	1	2	1	1	0	67	1	2	1	1	0	1	0	0	0	0	0	0	0	0	0	68	0	1	3	1	0	0	0	0	0	0	0	0	0	1	0	270	0	13	10	35	1	5	1	37	0	1	0	110	1	1	2	245463	127	96	442	246772
21	0	0	1	0	0	1	1	0	0	2	3	0	1	2	80	2	0	0	0	0	0	0	0	0	0	0	1	0	2	0	13	0	0	0	40	0	1	3	65	1	1	0	249	3	59	16	245984	106	0	0	0	0	0	0	2	0	0	0	2	1	0	7	117	4	246770
22	0	0	0	0	0	3	0	0	0	2	0	0	1	18	0	6	0	2	0	0	0	0	0	0	0	0	0	0	2	42	0	1	0	0	0	0	0	0	0	0	0	0	0	0	0	244	0	1	0	15	0	0	1	45	0	2	0	60	1	0	172	245881	8	261	246768
23	1	0	0	131	0	4	0	48	0	2	0	59	35	67	84	246091	0	0	0	1	0	0	0	1	0	0	0	0	7	1	0	133	0	0	0	1	0	0	0	0	0	0	1	0	0	0	0	19	0	0	0	1	0	1	0	1	0	0	0	0	1	7	0	68	246765
24	0	0	0	0	0	3	0	0	7	8	0	0	167	0	0	0	174	1	1	2	128	0	0	1	110	0	0	0	244382	111	29	66	0	0	0	0	0	0	0	0	0	0	0	0	0	0	0	0	11	0	0	0	6	0	0	0	2	0	0	0	1548	2	0	1	246760
25	0	89	1	0	1	31	0	0	247	246096	90	26	0	67	0	0	0	0	0	0	0	0	0	0	0	38	0	0	0	0	0	0	1	0	0	0	3	6	0	0	0	38	0	0	0	0	0	0	0	0	0	0	0	0	0	0	0	22	0	1	0	0	0	0	246757
26	2	398	0	2	85	245758	6	83	0	25	0	0	0	121	0	0	0	6	0	0	4	202	0	2	0	0	0	0	0	1	0	0	0	1	0	0	0	31	0	1	0	0	0	0	0	0	0	1	0	0	0	0	0	17	0	0	0	0	0	0	0	0	0	0	246746
27	0	0	0	0	0	0	0	0	0	0	0	0	0	0	0	0	0	0	0	0	0	0	0	0	0	0	0	0	0	0	0	0	0	0	0	0	0	0	0	0	0	0	0	0	0	0	0	0	0	0	0	0	0	0	0	0	0	0	0	0	0	0	0	0	0
28	0	0	0	0	0	0	0	0	0	0	0	0	0	0	0	0	0	0	0	0	0	0	0	0	0	0	0	0	0	0	0	0	0	0	0	0	0	0	0	0	0	0	0	0	0	0	0	0	0	0	0	0	0	0	0	0	0	0	0	0	0	0	0	0	0
