	AAA	AAG	AAC	AAT	AGA	AGG	AGC	AGT	ACA	ACG	ACC	ACT	ATA	ATG	ATC	ATT	GAA	GAG	GAC	GAT	GGA	GGG	GGC	GGT	GCA	GCG	GCC	GCT	GTA	GTG	GTC	GTT	CAA	CAG	CAC	CAT	CGA	CGG	CGC	CGT	CCA	CCG	CCC	CCT	CTA	CTG	CTC	CTT	TAA	TAG	TAC	TAT	TGA	TGG	TGC	TGT	TCA	TCG	TCC	TCT	TTA	TTG	TTC	TTT	SUM
0	0	0	0	0	0	0	0	0	1	0	0	0	0	0	0	0	15	0	0	0	0	0	0	0	23048	6	4	3	4	0	0	0	0	0	0	0	0	0	0	0	1	0	0	0	0	0	0	0	0	0	0	0	0	0	0	0	18	0	0	0	0	0	0	0	23100
1	0	0	0	0	0	0	0	0	0	0	0	0	0	0	0	6	0	0	0	0	0	0	0	0	0	0	0	0	0	0	0	1	0	0	0	2	0	0	0	1	0	0	0	3	0	0	7	23079	0	0	0	0	0	0	0	0	0	0	0	0	0	0	0	1	23100
2	0	0	1	0	0	0	1	0	0	0	4	0	5	1	23078	8	0	0	0	0	0	0	0	0	0	0	0	0	0	0	0	0	0	0	0	0	0	0	0	0	0	0	0	0	0	0	2	0	0	0	0	0	0	0	0	0	0	0	0	0	0	0	0	0	23100
3	0	0	0	0	0	3	0	0	0	0	0	0	0	0	0	0	0	0	0	0	0	0	0	0	0	0	0	0	0	0	0	0	0	0	0	0	0	2	0	0	0	0	0	0	0	0	0	0	0	2	0	0	4	23005	0	64	0	0	0	1	0	17	0	2	23100
4	0	0	8	0	0	0	0	0	0	0	0	0	0	0	0	0	52	1	23000	19	0	0	3	0	0	0	4	0	0	0	0	0	0	0	0	0	0	0	0	0	0	0	0	0	0	0	0	0	0	0	13	0	0	0	0	0	0	0	0	0	0	0	0	0	23100
5	0	0	0	11	0	0	0	0	0	0	0	0	0	0	0	0	2	0	9	23045	0	0	0	5	0	0	0	6	0	0	0	4	0	0	0	2	0	0	0	0	0	0	0	0	0	0	0	0	0	0	0	16	0	0	0	0	0	0	0	0	0	0	0	0	23100
6	0	0	0	0	0	0	0	0	0	0	0	0	0	8	0	0	0	0	0	0	0	0	0	0	0	0	0	0	0	0	0	0	0	2	0	0	0	1	0	0	0	11	0	0	10	22917	0	148	0	0	0	0	0	0	0	0	0	0	0	0	0	3	0	0	23100
7	0	0	0	0	0	5	0	0	0	0	0	0	0	0	0	0	0	0	0	0	0	2	0	0	0	0	0	0	0	0	0	0	0	15	0	1	11	22964	0	21	0	2	0	0	0	30	0	3	0	0	0	0	0	46	0	0	0	0	0	0	0	0	0	0	23100
8	0	0	25	0	10	2	22981	43	0	0	1	0	0	0	29	0	0	0	0	0	0	0	4	0	0	0	0	0	0	0	0	0	0	0	0	0	0	0	1	0	0	0	0	0	0	0	1	0	0	0	0	0	0	0	3	0	0	0	0	0	0	0	0	0	23100
9	0	0	0	0	0	0	0	0	0	0	0	0	0	49	0	0	0	0	0	0	0	0	0	0	0	0	0	0	0	2	0	0	0	19	0	0	0	15	0	0	1	38	0	0	127	22826	3	13	0	0	0	0	0	0	0	0	0	0	0	0	0	7	0	0	23100
10	0	0	0	0	0	0	5	0	0	0	0	0	0	0	0	0	0	0	0	0	0	0	18	0	0	0	0	0	0	0	4	0	0	0	0	0	0	0	13	0	0	0	0	0	0	0	0	0	0	0	22	0	6	3	22975	40	0	0	1	0	0	0	12	1	23100
11	0	0	0	0	0	0	0	0	0	0	0	0	0	0	4	0	0	0	0	0	0	0	0	0	0	0	0	0	0	0	1	0	0	0	3	0	0	0	4	0	0	0	14	0	0	1	23055	11	0	0	0	0	0	0	0	0	0	0	0	0	0	0	7	0	23100
12	0	0	0	0	0	0	0	0	0	0	0	0	0	0	7	0	0	0	0	0	0	0	0	0	0	0	0	0	0	0	1	0	0	0	0	0	0	0	0	0	0	0	0	0	0	0	7	0	0	0	0	0	0	0	6	0	0	0	3	0	4	2	23063	7	23100
13	0	0	20	0	7	3	23029	14	0	0	0	0	1	0	6	0	0	0	0	0	0	0	13	0	0	0	0	0	0	0	0	0	0	0	0	0	0	0	3	0	0	0	0	0	0	0	0	0	0	0	0	0	0	0	4	0	0	0	0	0	0	0	0	0	23100
14	0	0	2	0	0	0	0	0	0	0	0	0	0	0	0	0	0	1	1	0	0	0	0	0	0	0	0	0	0	0	0	0	0	0	11	0	0	0	0	0	0	0	0	0	0	0	0	0	7	0	23058	3	0	0	3	0	0	0	9	0	0	0	5	0	23100
15	0	0	15	0	0	0	0	0	0	0	1	0	0	0	0	0	0	0	2	0	0	0	0	0	0	0	1	0	0	0	0	0	6	0	23012	12	0	0	4	0	0	0	44	0	0	0	1	0	0	0	2	0	0	0	0	0	0	0	0	0	0	0	0	0	23100
16	0	0	1	0	1	0	5	0	0	0	0	0	0	0	2	0	0	0	0	0	1	0	2	0	0	0	0	0	0	0	0	0	0	0	63	0	2	8	22966	7	1	1	17	1	0	0	9	0	0	0	0	0	0	0	13	0	0	0	0	0	0	0	0	0	23100
17	9	7	40	19	3	5	133	51	1116	751	1984	364	1174	879	359	302	5	26	13	9	384	973	172	294	1249	888	869	1029	2	686	817	911	26	59	8	18	9	5	8	5	16	19	32	7	552	241	881	872	0	2	84	36	3	83	354	11	32	423	86	186	173	2158	926	262	23100
18	9	0	0	0	23013	15	4	3	1	0	0	0	2	0	1	0	1	0	0	0	37	1	0	0	0	0	0	0	0	0	0	0	0	0	0	0	4	0	0	0	0	0	0	0	0	0	0	0	0	0	0	0	7	1	0	0	0	0	0	0	0	0	0	1	23100
19	0	0	12	0	0	0	1	0	0	0	0	0	0	0	0	0	6	1	23030	5	0	0	24	0	0	0	7	0	0	0	6	0	0	0	3	0	0	0	0	0	0	0	0	0	0	0	1	0	0	0	2	0	0	0	0	0	0	0	2	0	0	0	0	0	23100
20	2	0	0	0	0	0	0	0	0	0	0	0	5	0	0	0	0	0	0	0	0	0	0	0	0	0	0	0	7	0	0	1	0	0	0	0	0	0	0	0	0	0	0	0	21	0	0	0	3	0	1	0	3	0	2	0	7	0	0	0	23004	9	8	27	23100
21	0	0	0	0	0	0	0	0	0	0	0	0	0	0	8	1	0	0	0	0	0	0	0	0	0	0	0	0	0	0	1	0	0	0	2	0	0	0	2	0	0	0	15	0	0	1	23054	11	0	0	0	0	0	0	0	0	0	0	0	0	0	0	4	1	23100
22	0	0	0	0	0	0	0	0	0	0	0	0	0	3	0	0	0	0	0	0	0	0	0	0	0	0	0	0	1	1	0	0	0	0	0	0	0	0	0	0	0	0	0	0	0	8	0	0	0	2	0	0	0	6	0	0	0	8	0	0	0	23064	1	6	23100
23	0	0	0	5	0	0	0	5	0	1	0	5	2	9	2	23043	0	0	0	0	0	0	0	0	0	0	0	0	0	0	0	15	0	0	0	0	0	0	0	0	0	0	0	0	0	0	0	3	0	0	0	0	0	0	0	0	0	0	0	0	0	0	0	10	23100
24	0	0	0	0	0	1	0	0	0	0	0	0	13	0	0	0	9	0	0	0	9	0	0	0	14	0	0	0	23004	4	3	7	0	0	0	0	0	0	0	0	0	0	0	0	1	0	0	0	0	0	0	0	0	0	0	0	0	0	0	0	34	0	0	1	23100
25	0	12	0	0	0	4	0	0	53	22936	4	70	0	8	0	0	0	0	0	0	0	0	0	0	0	9	0	0	0	0	0	0	0	0	0	0	0	0	0	0	0	2	0	0	0	0	0	0	0	0	0	0	0	0	0	0	0	1	0	0	0	0	0	0	23099
26	0	28	0	0	6	23018	1	9	0	0	0	0	0	16	0	0	0	0	0	0	0	16	0	0	0	0	0	0	0	0	0	0	0	0	0	0	0	2	0	0	0	0	0	0	0	1	0	0	0	0	0	0	0	2	0	0	0	0	0	0	0	0	0	0	23099
27	0	0	0	0	0	0	0	0	0	0	0	0	0	0	0	0	0	0	0	0	0	0	0	0	0	0	0	0	0	0	0	0	0	0	0	0	0	0	0	0	0	0	0	0	0	0	0	0	0	0	0	0	0	0	0	0	0	0	0	0	0	0	0	0	0
28	0	0	0	0	0	0	0	0	0	0	0	0	0	0	0	0	0	0	0	0	0	0	0	0	0	0	0	0	0	0	0	0	0	0	0	0	0	0	0	0	0	0	0	0	0	0	0	0	0	0	0	0	0	0	0	0	0	0	0	0	0	0	0	0	0
