	AAA	AAG	AAC	AAT	AGA	AGG	AGC	AGT	ACA	ACG	ACC	ACT	ATA	ATG	ATC	ATT	GAA	GAG	GAC	GAT	GGA	GGG	GGC	GGT	GCA	GCG	GCC	GCT	GTA	GTG	GTC	GTT	CAA	CAG	CAC	CAT	CGA	CGG	CGC	CGT	CCA	CCG	CCC	CCT	CTA	CTG	CTC	CTT	TAA	TAG	TAC	TAT	TGA	TGG	TGC	TGT	TCA	TCG	TCC	TCT	TTA	TTG	TTC	TTT	SUM
0	0	0	0	0	0	0	0	0	8	0	0	0	0	0	0	0	12	0	0	0	0	0	0	0	14505	3	0	2	3	0	0	0	0	0	0	0	0	0	0	0	0	0	1	0	0	0	0	0	0	0	0	0	0	0	0	0	10	0	1	0	0	0	0	0	14545
1	0	0	0	0	0	0	0	0	0	0	0	0	0	0	0	5	0	0	0	0	0	0	0	0	0	0	0	0	0	0	0	0	0	0	0	0	0	0	0	2	0	0	0	1	0	0	2	14532	0	0	0	0	0	0	0	0	0	0	0	0	0	0	0	3	14545
2	0	0	3	0	0	0	0	0	0	0	3	0	5	0	14529	1	0	0	0	0	0	0	0	0	0	0	0	0	0	0	1	0	0	0	0	0	0	0	0	0	0	0	0	0	0	0	2	0	0	0	0	0	0	0	0	0	0	0	0	0	0	0	1	0	14545
3	0	0	0	0	0	0	0	0	0	0	0	0	0	0	0	0	0	0	0	0	0	1	0	0	0	0	0	0	0	0	0	0	0	0	0	0	0	2	0	0	0	0	0	0	0	0	0	0	0	0	0	0	5	14487	0	38	0	0	0	0	1	11	0	0	14545
4	0	0	4	0	0	0	0	0	0	0	0	0	0	0	0	0	67	0	14449	16	0	0	3	0	0	0	2	0	0	0	1	0	0	0	0	0	0	0	0	0	0	0	0	0	0	0	0	0	0	0	2	0	0	0	0	0	0	0	1	0	0	0	0	0	14545
5	0	0	0	11	0	0	0	0	0	0	0	0	0	0	0	0	3	0	2	14519	0	0	0	2	0	0	0	4	0	0	0	2	0	0	0	0	0	0	0	0	0	0	0	0	0	0	0	0	0	0	0	2	0	0	0	0	0	0	0	0	0	0	0	0	14545
6	0	0	0	0	0	0	0	0	0	0	0	0	0	3	0	0	0	0	0	0	0	0	0	0	0	0	0	0	0	0	0	0	0	4	0	0	0	3	0	0	0	9	0	0	12	14466	0	45	0	0	0	0	0	0	0	0	0	0	0	0	0	3	0	0	14545
7	0	0	0	0	0	7	0	0	0	0	0	0	0	0	0	0	0	0	0	0	0	0	0	0	0	0	0	0	0	0	0	0	0	5	0	0	4	14485	0	13	0	1	0	0	0	5	0	1	0	0	0	0	0	24	0	0	0	0	0	0	0	0	0	0	14545
8	0	0	10	0	7	0	14467	41	0	0	1	0	0	0	7	0	0	0	0	0	0	0	7	0	0	0	0	0	0	0	0	0	0	0	0	0	0	0	2	0	0	0	0	0	0	0	0	0	0	0	0	0	0	0	3	0	0	0	0	0	0	0	0	0	14545
9	0	0	0	0	0	0	0	0	0	0	0	0	0	66	0	1	0	0	0	0	0	0	0	0	0	0	0	0	0	0	0	0	0	6	0	0	0	6	0	0	2	21	0	0	790	13641	2	6	0	0	0	0	0	0	0	0	0	0	0	0	1	3	0	0	14545
10	0	0	0	0	0	0	3	0	0	0	1	0	0	0	0	0	0	0	0	0	0	0	13	0	0	0	1	0	0	0	0	0	0	0	0	0	0	0	4	0	0	0	0	0	0	0	0	0	0	0	72	0	5	3	14395	40	0	0	1	0	0	0	7	0	14545
11	0	0	0	0	0	0	0	0	0	0	0	0	0	0	4	0	0	0	0	0	0	0	0	0	0	0	0	0	0	0	1	0	0	0	0	0	0	0	1	0	0	0	11	0	1	0	14515	9	0	0	0	0	0	0	0	0	0	0	0	0	0	0	3	0	14545
12	0	0	0	0	0	0	0	0	0	0	0	0	0	0	1	0	0	0	0	0	0	0	0	0	0	0	0	0	0	0	0	0	0	0	0	0	0	0	0	0	0	0	0	0	0	0	3	0	0	0	5	0	0	0	2	0	0	0	7	0	2	1	14521	3	14545
13	0	0	9	0	4	3	14492	6	0	0	4	0	0	0	9	0	0	0	0	0	0	0	9	0	0	0	0	0	0	0	1	0	0	0	0	0	0	0	3	0	0	0	0	0	0	0	1	0	0	0	0	0	0	0	4	0	0	0	0	0	0	0	0	0	14545
14	0	0	1	0	0	0	0	0	0	0	0	0	0	0	0	0	0	0	3	0	0	0	0	0	0	0	0	0	0	0	0	0	0	0	12	0	0	0	0	0	0	0	0	0	0	0	0	0	6	2	14500	2	0	0	5	1	0	0	7	0	0	0	6	0	14545
15	0	0	5	0	0	0	0	0	0	0	0	0	0	0	0	0	0	0	0	0	0	0	0	0	0	0	0	0	0	0	0	0	6	0	14499	3	0	0	2	0	0	0	25	0	0	0	3	0	0	0	1	0	0	0	0	0	0	0	0	0	0	1	0	0	14545
16	0	0	0	0	2	0	6	1	0	0	0	0	0	0	0	0	0	0	0	0	0	0	1	0	0	0	0	0	0	0	0	0	0	0	28	1	2	7	14459	8	0	0	10	0	0	1	9	0	0	0	0	0	0	0	8	0	0	0	1	1	0	0	0	0	14545
17	3	6	19	24	5	8	42	31	317	665	945	191	698	701	237	133	2	19	13	10	242	571	122	144	212	400	454	625	5	225	801	439	21	40	6	9	1	5	0	1	7	10	16	10	323	250	493	726	0	3	69	10	1	58	139	26	24	296	122	162	181	2265	739	223	14545
18	3	0	0	0	14485	9	1	1	0	0	0	0	4	0	0	1	0	0	0	0	31	1	1	0	0	0	0	0	0	1	0	0	0	0	0	0	1	0	0	0	0	0	0	0	0	0	0	0	0	0	0	0	5	0	0	0	0	1	0	0	0	0	0	0	14545
19	0	0	4	0	0	1	0	0	0	0	0	0	0	0	0	0	3	1	14507	2	0	0	14	0	0	0	6	0	0	0	2	0	0	0	2	0	0	0	0	0	0	0	0	0	0	0	0	0	0	0	2	0	0	0	0	0	0	0	0	1	0	0	0	0	14545
20	0	0	0	0	0	0	0	0	0	0	0	0	2	0	1	0	0	0	0	0	0	0	0	0	0	0	0	0	1	0	0	0	0	0	0	0	0	0	0	0	0	0	0	0	10	0	0	2	2	0	1	0	2	0	0	0	5	0	0	0	14482	3	9	24	14544
21	0	0	0	0	0	0	0	0	0	0	0	0	0	0	4	0	0	0	0	0	0	0	0	0	0	0	0	0	0	0	1	0	0	0	3	0	0	0	3	0	0	0	5	0	4	3	14505	9	0	0	0	0	0	0	1	0	0	0	0	1	0	0	5	0	14544
22	0	0	0	0	0	0	0	0	0	0	0	0	0	2	0	0	0	0	0	0	0	0	0	0	0	0	0	0	0	1	0	0	0	0	0	0	0	0	0	0	0	0	0	0	0	7	0	0	0	1	0	0	0	4	0	0	0	4	0	0	3	14515	1	6	14544
23	0	0	0	8	0	0	0	3	0	0	0	2	3	4	8	14498	0	0	0	0	0	0	0	0	0	0	0	0	0	0	0	8	0	0	0	0	0	0	0	0	0	0	0	0	0	0	0	2	0	0	0	0	0	0	0	1	0	0	0	0	0	0	0	5	14542
24	0	0	0	0	0	0	0	0	0	0	0	0	10	0	0	0	12	0	0	0	11	0	0	0	11	0	0	0	14466	3	5	3	0	0	0	0	0	0	0	0	0	0	0	0	0	0	0	0	0	0	0	0	0	0	0	0	0	0	0	0	21	0	0	0	14542
25	0	1	0	0	0	0	0	0	25	14458	1	46	0	2	0	0	0	0	0	0	0	0	0	0	0	4	0	0	0	0	0	0	0	0	0	0	0	0	0	0	0	3	0	0	0	0	0	0	0	0	0	0	0	0	0	0	0	2	0	0	0	0	0	0	14542
26	0	31	0	0	8	14478	0	8	0	0	0	0	0	8	0	0	0	0	0	0	0	7	0	0	0	0	0	0	0	0	0	0	0	0	0	0	0	0	0	0	0	0	0	0	0	0	0	0	0	0	0	0	0	2	0	0	0	0	0	0	0	0	0	0	14542
27	0	0	0	0	0	0	0	0	0	0	0	0	0	0	0	0	0	0	0	0	0	0	0	0	0	0	0	0	0	0	0	0	0	0	0	0	0	0	0	0	0	0	0	0	0	0	0	0	0	0	0	0	0	0	0	0	0	0	0	0	0	0	0	0	0
28	0	0	0	0	0	0	0	0	0	0	0	0	0	0	0	0	0	0	0	0	0	0	0	0	0	0	0	0	0	0	0	0	0	0	0	0	0	0	0	0	0	0	0	0	0	0	0	0	0	0	0	0	0	0	0	0	0	0	0	0	0	0	0	0	0
