	AAA	AAG	AAC	AAT	AGA	AGG	AGC	AGT	ACA	ACG	ACC	ACT	ATA	ATG	ATC	ATT	GAA	GAG	GAC	GAT	GGA	GGG	GGC	GGT	GCA	GCG	GCC	GCT	GTA	GTG	GTC	GTT	CAA	CAG	CAC	CAT	CGA	CGG	CGC	CGT	CCA	CCG	CCC	CCT	CTA	CTG	CTC	CTT	TAA	TAG	TAC	TAT	TGA	TGG	TGC	TGT	TCA	TCG	TCC	TCT	TTA	TTG	TTC	TTT	SUM
0	0	0	0	0	0	0	0	0	9	0	0	0	0	0	0	0	19	0	0	0	4	0	0	0	38068	3	5	4	10	0	0	0	0	0	0	0	0	0	0	0	1	0	0	0	0	0	0	0	0	0	0	0	0	0	0	0	20	0	0	0	0	0	0	0	38143
1	0	0	0	0	0	0	0	0	0	0	0	0	0	0	0	8	0	0	0	0	0	0	0	0	0	0	0	0	0	0	0	1	0	0	0	5	0	0	0	1	0	0	0	7	2	0	2	38109	0	0	0	0	0	0	0	0	0	0	0	0	0	0	0	8	38143
2	0	0	3	0	0	0	3	0	0	0	4	0	13	1	38103	6	0	0	0	0	0	0	0	0	0	0	0	0	0	0	4	0	0	0	0	0	0	0	0	0	0	0	0	0	0	0	5	0	0	0	0	0	0	0	0	0	0	0	0	0	0	0	1	0	38143
3	0	0	0	0	0	1	0	0	0	0	0	0	0	0	0	0	0	0	0	0	0	4	0	0	0	0	0	0	0	0	0	0	0	0	0	0	0	8	0	0	0	0	0	0	0	0	0	0	0	8	0	0	6	38029	17	26	0	0	0	0	0	40	0	4	38143
4	0	0	19	0	0	0	0	0	0	0	0	0	0	0	0	0	89	2	37952	39	0	0	14	0	0	0	2	0	0	0	7	0	0	0	3	0	0	0	0	0	0	0	0	0	0	0	0	0	1	0	15	0	0	0	0	0	0	0	0	0	0	0	0	0	38143
5	0	0	0	15	0	0	0	0	0	0	0	0	0	0	0	0	2	3	8	38095	0	0	0	3	0	0	0	6	0	0	0	0	0	0	0	3	0	0	0	0	0	0	0	0	0	0	0	0	0	0	0	8	0	0	0	0	0	0	0	0	0	0	0	0	38143
6	0	0	0	0	0	1	0	0	0	0	0	0	0	6	0	0	0	0	0	0	0	0	0	0	0	0	0	0	0	1	0	0	0	6	0	0	0	3	0	0	0	22	0	0	24	38053	11	7	0	0	0	0	0	1	0	0	0	0	0	0	0	8	0	0	38143
7	0	0	0	0	0	4	0	0	0	0	0	0	0	0	0	0	0	0	0	0	0	4	0	0	0	0	0	0	0	0	0	0	0	30	0	0	9	38010	14	2	0	1	0	0	0	8	0	1	0	0	0	0	0	60	0	0	0	0	0	0	0	0	0	0	38143
8	0	0	29	0	11	3	38033	38	0	0	1	0	0	0	6	0	0	0	0	0	0	0	10	0	0	0	0	0	0	0	0	0	0	0	0	0	0	0	9	0	0	0	0	0	0	0	0	0	0	0	0	0	0	0	3	0	0	0	0	0	0	0	0	0	38143
9	0	0	0	0	0	0	0	0	0	0	0	0	0	30	0	0	0	0	0	0	0	0	0	0	0	0	0	0	0	4	0	0	0	32	0	0	0	18	1	0	0	47	0	1	28	37943	3	17	0	0	0	0	0	1	0	0	0	0	0	0	0	18	0	0	38143
10	0	0	0	0	0	0	14	0	0	0	0	0	0	0	1	0	0	0	0	0	0	0	24	0	0	0	0	0	0	0	0	0	0	0	0	0	0	0	25	0	0	0	0	0	0	0	0	0	0	0	53	0	3	6	37950	48	0	0	1	0	0	0	18	0	38143
11	0	0	0	0	0	0	0	0	0	0	0	0	0	0	15	0	0	0	0	0	0	0	0	0	0	0	0	0	0	0	1	0	0	0	8	0	0	0	6	0	0	0	27	1	5	1	38064	13	0	0	0	0	0	0	0	0	0	0	0	0	0	0	2	0	38143
12	0	0	0	0	0	0	0	0	0	0	0	0	0	0	3	0	0	0	0	0	0	0	1	0	0	0	0	0	0	0	7	0	0	0	0	0	0	0	0	0	0	0	1	0	0	0	22	1	0	0	0	0	0	0	5	0	0	0	5	0	19	3	38055	21	38143
13	113	147	194	297	32	17	1399	418	593	465	1227	906	307	779	752	857	52	234	29	37	1382	1842	539	729	414	1874	1282	514	634	3025	1052	963	334	682	644	294	90	108	135	34	149	252	360	137	295	965	1212	774	2	9	1252	447	15	567	920	490	344	638	1521	325	364	622	571	486	38143
14	0	0	11	0	0	0	0	0	0	0	0	0	0	0	0	0	1	0	28	0	0	0	0	0	0	0	0	0	0	0	0	0	0	0	22	0	0	0	0	0	0	0	1	0	0	0	0	0	9	1	37960	6	0	0	13	0	1	0	13	0	0	2	74	1	38143
15	1	0	95	0	0	0	1	0	0	0	0	0	0	0	0	1	0	0	1	0	0	1	0	0	0	0	1	0	0	0	0	0	7	0	37916	19	0	0	12	0	0	0	70	0	0	0	3	0	0	0	15	0	0	0	0	0	0	0	0	0	0	0	0	0	38143
16	0	0	1	0	0	0	4	0	0	0	1	0	0	0	0	0	0	0	0	0	0	0	4	0	0	0	1	0	1	0	0	0	0	0	59	0	6	16	37947	32	0	1	23	1	0	2	30	0	0	0	0	0	0	0	14	0	0	0	0	0	0	0	0	0	38143
17	0	0	0	0	0	0	0	0	0	1	0	0	0	7	0	0	0	0	0	0	0	0	0	0	0	0	0	0	0	15	0	0	0	0	0	0	0	0	0	0	0	0	0	0	0	16	0	2	0	1	0	0	0	13	0	0	0	14	0	0	4	38034	9	27	38143
18	14	1	0	0	37981	27	8	6	0	0	0	0	5	0	0	0	0	1	0	0	78	1	0	0	0	0	0	0	0	0	0	0	0	0	0	0	4	0	0	0	0	0	1	0	0	0	1	0	0	0	0	0	14	0	0	1	0	0	0	0	0	0	0	0	38143
19	0	0	21	0	0	0	0	0	0	0	0	0	0	0	0	0	19	0	38003	8	0	1	53	0	0	0	16	0	0	0	7	1	0	0	0	0	0	0	0	0	0	0	0	0	0	0	0	0	0	0	11	0	0	0	0	0	0	0	2	0	0	0	0	0	38142
20	1	0	0	0	1	0	0	0	0	0	0	0	9	0	0	1	0	0	0	0	0	0	0	0	0	0	0	0	11	0	0	0	0	0	0	0	0	0	0	0	1	0	0	0	29	0	0	1	6	0	0	0	8	0	0	2	16	0	0	0	37959	23	13	61	38142
21	1	0	0	0	0	0	0	0	0	0	0	0	0	0	13	0	0	0	0	0	0	0	0	0	0	0	0	0	0	0	1	0	0	0	3	0	0	0	6	0	0	0	31	0	9	3	38039	17	0	0	0	0	0	0	0	0	0	0	0	0	0	1	18	0	38142
22	0	0	0	0	2	0	0	0	0	1	0	0	1	2	0	1	0	0	0	0	0	0	0	0	0	0	0	0	0	8	0	0	0	0	0	0	0	0	0	0	0	0	0	0	0	12	0	0	0	2	0	0	0	4	0	1	0	14	0	0	7	38068	1	18	38142
23	1	1	0	18	0	0	0	12	0	0	0	10	7	10	21	38003	0	0	0	0	0	0	0	0	0	0	0	0	0	0	0	46	0	0	0	0	0	0	0	0	0	0	0	0	0	0	0	1	0	0	0	0	0	0	0	0	0	0	0	0	0	1	0	10	38141
24	0	0	0	0	0	0	0	0	0	0	0	0	21	0	0	1	21	0	0	0	13	0	0	0	14	0	0	0	38022	14	0	8	0	0	0	0	0	0	0	0	0	0	0	0	0	0	0	0	0	0	0	0	0	0	0	0	0	0	0	0	26	0	0	0	38140
25	1	13	1	0	0	1	0	0	59	37964	15	54	0	19	0	0	0	0	0	0	0	0	0	0	0	5	0	0	0	0	0	0	0	0	0	0	0	0	0	0	1	5	0	0	0	0	0	0	0	0	0	0	0	0	0	0	0	2	0	0	0	0	0	0	38140
26	0	77	0	1	15	37967	1	8	0	2	0	0	0	31	0	0	0	1	0	0	0	32	0	0	0	0	0	0	0	0	0	0	0	0	0	0	0	1	0	0	0	0	0	0	0	0	0	0	0	0	0	0	0	4	0	0	0	0	0	0	0	0	0	0	38140
27	0	0	0	0	0	0	0	0	0	0	0	0	0	0	0	0	0	0	0	0	0	0	0	0	0	0	0	0	0	0	0	0	0	0	0	0	0	0	0	0	0	0	0	0	0	0	0	0	0	0	0	0	0	0	0	0	0	0	0	0	0	0	0	0	0
28	0	0	0	0	0	0	0	0	0	0	0	0	0	0	0	0	0	0	0	0	0	0	0	0	0	0	0	0	0	0	0	0	0	0	0	0	0	0	0	0	0	0	0	0	0	0	0	0	0	0	0	0	0	0	0	0	0	0	0	0	0	0	0	0	0
