	AAA	AAG	AAC	AAT	AGA	AGG	AGC	AGT	ACA	ACG	ACC	ACT	ATA	ATG	ATC	ATT	GAA	GAG	GAC	GAT	GGA	GGG	GGC	GGT	GCA	GCG	GCC	GCT	GTA	GTG	GTC	GTT	CAA	CAG	CAC	CAT	CGA	CGG	CGC	CGT	CCA	CCG	CCC	CCT	CTA	CTG	CTC	CTT	TAA	TAG	TAC	TAT	TGA	TGG	TGC	TGT	TCA	TCG	TCC	TCT	TTA	TTG	TTC	TTT	SUM
0	0	0	0	0	0	0	0	0	1	0	0	0	0	0	0	0	11	0	0	0	0	0	0	0	19696	3	2	1	4	0	0	0	0	0	0	0	0	0	0	0	0	0	0	0	0	0	0	0	0	0	0	0	0	0	0	0	9	0	0	0	0	0	0	0	19727
1	1	0	0	0	0	0	0	0	0	0	0	0	0	0	0	10	0	0	0	0	0	0	0	0	0	0	0	0	0	0	0	0	0	0	0	4	0	0	0	0	0	0	0	2	0	0	2	19706	0	0	0	0	0	0	0	0	0	0	0	0	0	0	0	2	19727
2	0	0	2	0	0	0	0	0	0	0	1	0	9	0	19702	8	0	0	0	0	0	0	0	0	0	0	0	0	0	0	0	0	0	0	0	0	0	0	0	0	0	0	0	0	0	0	4	0	0	0	0	0	0	0	0	0	0	0	0	0	0	0	1	0	19727
3	0	0	0	0	0	2	0	0	0	0	0	0	0	0	0	0	0	0	0	0	0	1	0	0	0	0	0	0	0	0	0	0	0	0	0	0	0	2	0	0	0	0	0	0	0	0	0	0	0	1	0	0	3	19678	3	16	0	2	0	0	0	19	0	0	19727
4	0	0	2	0	0	0	0	0	0	0	0	0	0	0	0	0	11	2	19681	22	0	0	3	0	0	0	0	0	0	0	0	0	0	0	0	0	0	0	0	0	0	0	0	0	0	0	0	0	0	0	6	0	0	0	0	0	0	0	0	0	0	0	0	0	19727
5	0	0	0	13	0	0	0	0	0	0	0	0	0	0	0	0	3	0	3	19697	0	0	0	1	0	0	0	4	0	0	0	3	0	0	0	0	0	0	0	0	0	0	0	0	0	0	0	0	0	0	0	3	0	0	0	0	0	0	0	0	0	0	0	0	19727
6	0	0	0	0	0	0	0	0	0	0	0	0	0	1	0	0	0	0	0	0	0	0	0	0	0	0	0	0	0	0	0	0	0	4	0	0	0	3	0	0	0	9	0	0	21	19677	1	4	0	0	0	0	0	0	0	0	0	0	0	0	0	7	0	0	19727
7	0	0	0	0	0	3	0	0	0	0	0	0	0	0	0	0	0	0	0	0	0	1	0	0	0	0	0	0	0	0	0	0	0	18	0	0	5	19626	1	5	0	0	0	0	0	28	0	1	0	0	0	0	0	39	0	0	0	0	0	0	0	0	0	0	19727
8	0	0	8	0	6	2	19676	23	0	0	2	0	0	0	2	0	0	0	0	0	0	0	2	0	0	0	0	0	0	0	0	0	0	0	0	0	0	0	3	0	0	0	0	0	0	0	0	0	0	0	0	0	0	0	3	0	0	0	0	0	0	0	0	0	19727
9	0	0	0	0	0	0	0	0	0	0	0	0	0	10	0	0	0	0	0	0	0	0	0	0	0	0	0	0	0	3	0	0	0	16	0	0	0	4	0	0	0	30	0	0	14	19630	0	8	0	0	0	0	0	0	0	0	0	0	0	0	0	12	0	0	19727
10	0	0	0	0	0	0	6	0	0	0	0	0	0	0	0	0	0	0	0	0	0	0	20	0	0	0	0	0	0	0	0	0	0	0	0	0	0	0	14	0	0	0	0	0	0	0	0	0	0	0	39	0	3	3	19568	51	0	0	1	0	0	0	22	0	19727
11	0	0	0	0	0	0	0	0	0	0	0	0	0	0	6	0	0	0	0	0	0	0	0	0	0	0	0	0	0	0	9	0	0	0	5	0	0	0	3	0	0	0	10	0	3	1	19674	13	0	0	0	0	0	0	0	0	0	0	0	0	0	0	3	0	19727
12	0	0	4	0	0	0	0	0	0	0	0	0	0	0	2	0	0	0	0	0	0	0	0	0	0	0	0	0	0	0	2	0	0	0	0	0	0	0	0	0	0	0	0	0	0	0	8	0	0	0	2	0	0	0	2	0	0	0	4	0	4	1	19693	5	19727
13	1	1	18	0	10	1	19647	9	0	0	0	1	0	0	6	2	0	0	0	0	0	4	21	0	0	0	0	0	0	0	0	0	0	0	0	0	0	0	3	0	0	0	0	0	1	0	0	0	0	0	0	0	0	0	2	0	0	0	0	0	0	0	0	0	19727
14	1	0	2	0	0	0	0	0	0	0	0	0	0	0	0	0	0	0	3	0	0	0	0	0	0	0	0	0	0	0	0	0	0	0	9	0	0	0	0	0	0	0	0	0	0	0	0	0	1	2	19669	12	0	0	6	0	0	0	11	0	0	0	11	0	19727
15	2	0	7	0	0	0	0	0	0	0	1	0	0	0	0	0	0	0	3	0	0	0	0	0	0	0	0	0	0	0	0	0	9	0	19652	7	0	0	4	0	0	0	33	0	0	0	4	0	0	0	5	0	0	0	0	0	0	0	0	0	0	0	0	0	19727
16	1	0	0	0	0	0	3	1	0	0	0	0	0	0	0	0	0	0	0	0	0	0	1	0	0	0	0	0	0	0	0	0	0	0	92	1	4	12	19555	11	1	0	16	0	0	0	16	1	0	0	1	0	0	0	11	0	0	0	0	0	0	0	0	0	19727
17	0	0	0	0	0	0	0	0	0	0	0	0	0	4	0	0	0	0	0	0	0	0	0	0	0	0	0	0	0	11	0	0	0	0	0	0	0	0	0	0	0	0	0	0	0	8	0	0	0	3	0	0	0	8	0	0	0	11	0	0	6	19665	0	11	19727
18	8	0	0	0	19637	6	8	5	0	0	0	0	3	0	1	0	1	0	1	0	45	2	0	0	0	0	0	0	0	0	0	0	0	0	0	0	3	0	0	0	1	0	0	0	0	0	0	0	0	0	0	0	4	2	0	0	0	0	0	0	0	0	0	0	19727
19	0	0	16	0	0	0	0	0	0	0	0	0	0	0	0	0	8	3	19642	6	1	0	29	0	0	0	6	0	0	0	8	0	0	0	1	0	0	0	0	0	0	0	0	0	0	0	0	0	0	0	5	0	0	0	1	0	0	0	0	0	1	0	0	0	19727
20	0	0	0	0	0	0	0	0	0	0	0	0	5	0	0	0	0	0	0	0	0	0	0	0	0	0	0	0	8	0	0	1	0	0	0	0	0	0	0	0	0	0	0	0	29	0	1	1	2	0	0	0	4	0	0	0	2	0	0	0	19630	7	7	30	19727
21	0	0	0	0	0	0	0	0	0	0	0	0	0	0	7	0	0	0	0	0	0	1	0	0	0	0	0	0	0	0	0	0	0	0	1	1	0	0	7	0	0	0	10	0	2	1	19675	12	0	0	0	0	0	0	0	0	0	0	0	0	0	0	10	0	19727
22	146	100	319	154	134	221	386	431	322	515	552	452	321	457	574	424	168	284	334	167	209	323	265	18	295	442	497	389	472	589	524	665	337	300	225	113	113	188	95	69	106	128	306	104	479	381	478	884	7	16	318	242	8	434	311	336	218	218	307	172	385	688	375	237	19727
23	0	0	0	16	0	0	0	8	0	0	0	4	9	5	11	19648	0	0	0	1	1	0	0	0	0	0	0	0	0	0	0	12	0	0	0	0	0	0	0	0	0	0	0	0	0	0	0	2	0	0	0	0	0	0	0	2	0	0	0	0	0	0	0	8	19727
24	0	0	0	0	0	0	0	0	0	1	0	0	10	0	0	0	15	0	0	0	8	0	1	0	8	1	0	0	19645	6	0	15	0	0	0	0	0	0	0	0	0	0	0	0	0	0	0	0	0	0	0	0	1	0	0	0	2	0	0	0	13	0	0	0	19726
25	0	10	0	0	0	3	0	0	23	19682	3	1	0	3	0	0	0	0	0	0	0	0	0	0	0	1	0	0	0	0	0	0	0	0	0	0	0	0	0	0	0	0	0	0	0	0	0	0	0	0	0	0	0	0	0	0	0	0	0	0	0	0	0	0	19726
26	0	39	0	0	4	19634	0	4	0	1	0	0	0	17	0	0	0	0	0	0	0	19	0	0	0	1	0	0	0	0	0	0	0	1	0	0	0	0	0	0	0	0	0	0	0	0	0	0	0	0	0	0	0	5	0	0	0	0	0	0	0	0	0	0	19725
27	0	0	0	0	0	0	0	0	0	0	0	0	0	0	0	0	0	0	0	0	0	0	0	0	0	0	0	0	0	0	0	0	0	0	0	0	0	0	0	0	0	0	0	0	0	0	0	0	0	0	0	0	0	0	0	0	0	0	0	0	0	0	0	0	0
28	0	0	0	0	0	0	0	0	0	0	0	0	0	0	0	0	0	0	0	0	0	0	0	0	0	0	0	0	0	0	0	0	0	0	0	0	0	0	0	0	0	0	0	0	0	0	0	0	0	0	0	0	0	0	0	0	0	0	0	0	0	0	0	0	0
