	AAA	AAG	AAC	AAT	AGA	AGG	AGC	AGT	ACA	ACG	ACC	ACT	ATA	ATG	ATC	ATT	GAA	GAG	GAC	GAT	GGA	GGG	GGC	GGT	GCA	GCG	GCC	GCT	GTA	GTG	GTC	GTT	CAA	CAG	CAC	CAT	CGA	CGG	CGC	CGT	CCA	CCG	CCC	CCT	CTA	CTG	CTC	CTT	TAA	TAG	TAC	TAT	TGA	TGG	TGC	TGT	TCA	TCG	TCC	TCT	TTA	TTG	TTC	TTT	SUM
0	0	0	0	0	0	0	0	0	1	0	0	0	0	0	0	0	6	0	0	0	0	0	0	0	11548	0	5	2	2	0	0	0	0	0	0	0	0	0	0	0	0	0	0	0	0	0	0	0	0	0	0	0	0	0	0	0	5	0	0	0	0	0	0	0	11569
1	0	0	0	0	0	0	0	0	0	0	0	0	0	0	0	5	0	0	0	0	0	0	0	0	0	0	0	0	0	0	0	0	0	0	0	1	0	0	0	0	0	0	0	1	0	1	1	11558	0	0	0	0	0	0	0	0	0	0	0	0	0	0	0	2	11569
2	0	0	0	0	0	0	1	0	0	0	0	0	5	0	11559	3	0	0	0	0	0	0	0	0	0	0	0	0	0	0	0	0	0	0	0	0	0	0	0	0	0	0	0	0	0	0	0	0	0	0	0	0	0	0	0	0	0	0	0	0	0	0	1	0	11569
3	0	0	0	0	0	0	0	0	0	0	0	0	0	0	0	0	0	0	0	0	0	1	0	0	0	0	0	0	0	0	0	0	0	0	0	0	0	2	0	0	0	0	0	0	0	0	0	0	0	0	0	0	3	11466	0	71	0	0	0	0	0	25	0	1	11569
4	0	0	2	0	0	0	0	0	0	0	0	0	0	0	0	0	4	4	11537	8	0	0	3	0	0	0	2	0	0	0	0	0	0	0	1	0	0	0	0	0	0	0	0	0	0	0	0	0	0	0	8	0	0	0	0	0	0	0	0	0	0	0	0	0	11569
5	0	0	0	8	0	0	0	0	0	0	0	0	0	0	0	0	0	0	1	11552	0	0	0	1	0	0	0	1	0	0	0	0	0	0	0	0	0	0	0	0	0	0	0	0	0	0	0	0	0	0	0	6	0	0	0	0	0	0	0	0	0	0	0	0	11569
6	0	0	0	0	0	0	0	0	0	0	0	0	0	5	0	0	0	0	0	0	0	0	0	0	0	0	0	0	0	0	0	0	0	1	0	0	0	0	0	0	0	11	0	0	7	11541	1	1	0	0	0	0	0	0	0	0	0	0	0	0	0	2	0	0	11569
7	0	0	0	0	0	4	0	0	0	0	0	0	0	0	0	0	0	0	0	0	0	2	0	0	0	0	0	0	0	0	0	0	0	8	0	0	2	11521	0	0	0	0	0	0	0	2	0	0	0	0	0	0	0	30	0	0	0	0	0	0	0	0	0	0	11569
8	0	0	16	0	4	0	11535	8	1	0	0	0	0	0	1	0	0	0	0	0	0	0	0	0	0	0	0	0	0	0	0	0	0	0	0	0	0	0	1	0	0	0	0	0	0	0	0	0	0	0	0	0	0	0	3	0	0	0	0	0	0	0	0	0	11569
9	0	0	0	0	0	0	0	0	0	0	0	0	1	14	0	0	0	0	0	0	0	0	0	0	0	0	0	0	0	1	0	0	0	5	0	0	0	10	0	0	0	15	0	0	20	11494	0	3	0	0	0	0	0	0	0	0	0	0	0	0	0	5	0	1	11569
10	0	0	0	0	0	0	8	0	0	0	0	0	0	0	0	0	0	0	0	0	1	0	18	0	0	0	0	0	0	0	0	0	0	0	0	0	0	0	8	0	0	0	0	0	0	0	0	0	0	0	41	0	2	0	11462	23	0	0	0	0	0	0	6	0	11569
11	0	0	0	0	0	0	0	0	0	0	0	0	0	0	4	0	0	0	0	0	0	0	0	0	0	0	0	0	0	0	0	0	0	0	1	0	0	0	0	1	0	0	9	0	1	0	11541	10	0	0	0	0	0	0	0	0	0	0	0	0	0	0	2	0	11569
12	0	0	0	0	0	0	0	0	0	0	0	0	0	0	1	0	0	0	0	0	0	0	0	0	0	0	0	0	0	0	1	0	0	0	0	0	0	0	0	0	0	0	1	0	0	0	12	0	0	0	0	0	0	0	4	0	0	0	5	0	5	0	11538	2	11569
13	0	0	14	0	6	3	11505	16	0	0	1	0	0	0	5	0	0	0	0	0	0	0	10	1	0	0	0	0	0	0	0	0	0	0	1	0	0	0	4	0	0	0	1	0	0	0	0	0	0	0	0	0	0	0	2	0	0	0	0	0	0	0	0	0	11569
14	23	18	59	81	2	9	82	46	3	5	45	15	298	22	486	451	53	96	39	19	190	9	57	60	8	59	54	9	40	197	40	93	256	14	294	241	90	5	134	67	2	3	13	2	545	284	61	800	7	8	2134	488	3	26	723	573	16	26	18	64	491	294	946	273	11569
15	0	0	10	0	1	0	0	0	0	0	0	0	0	0	0	0	0	0	2	0	0	0	0	0	0	1	0	0	0	0	0	0	4	1	11517	10	0	0	4	0	0	0	16	0	0	0	0	0	0	0	2	1	0	0	0	0	0	0	0	0	0	0	0	0	11569
16	0	0	0	0	0	0	1	0	0	0	0	0	0	0	0	0	0	0	1	0	0	1	13	0	0	0	0	0	0	0	0	0	0	2	20	1	8	2	11490	4	0	0	6	0	0	0	4	0	0	0	0	0	0	0	11	3	2	0	0	0	0	0	0	0	11569
17	0	0	0	0	0	0	0	0	0	0	0	0	0	2	0	0	0	0	0	0	0	0	0	0	0	0	0	0	0	8	0	0	0	0	0	0	0	0	0	0	0	0	0	0	0	8	0	1	0	4	0	0	0	4	0	0	0	6	0	0	2	11526	1	7	11569
18	5	0	0	0	11505	8	2	2	1	0	0	0	7	0	0	0	1	1	0	0	29	1	0	0	0	0	0	0	0	0	0	0	0	0	0	0	2	0	0	0	0	0	1	0	0	0	0	0	0	0	0	0	4	0	0	0	0	0	0	0	0	0	0	0	11569
19	0	0	8	0	0	0	1	0	0	0	0	0	0	0	0	0	4	3	11529	2	1	0	10	0	0	0	0	0	0	0	7	0	0	0	0	0	0	0	0	0	0	0	0	0	0	1	0	0	0	0	3	0	0	0	0	0	0	0	0	0	0	0	0	0	11569
20	0	0	0	0	0	0	0	0	1	0	0	0	2	0	3	1	0	0	0	0	0	0	0	0	0	0	0	0	3	0	0	0	0	0	0	0	0	0	0	0	1	0	0	0	8	0	0	0	0	0	0	0	2	0	0	0	5	0	0	0	11518	4	6	15	11569
21	0	0	0	0	0	0	0	0	0	0	0	0	0	0	6	0	0	0	0	0	0	0	0	0	0	0	0	0	0	0	1	0	0	0	1	0	1	0	6	0	0	0	8	0	1	2	11529	5	0	0	0	0	0	0	0	0	0	0	0	0	1	0	8	0	11569
22	0	0	0	0	0	0	0	0	0	1	0	0	0	2	0	0	0	0	0	0	0	0	0	0	0	0	0	0	0	5	0	0	0	0	0	0	0	0	0	0	0	0	0	0	0	6	0	0	0	0	0	0	0	3	0	0	0	2	0	0	4	11535	1	10	11569
23	0	0	1	5	0	0	0	2	0	0	0	2	1	4	7	11537	0	1	0	0	0	0	0	0	0	0	0	0	0	0	0	3	0	0	0	0	0	0	0	0	0	0	0	0	0	0	0	1	0	0	0	0	0	0	0	0	0	0	0	0	0	0	0	5	11569
24	0	0	0	0	0	0	0	0	0	0	0	0	10	0	0	0	9	0	0	0	9	0	0	1	3	0	0	0	11512	3	1	4	0	0	0	0	0	0	0	0	0	0	0	0	1	0	0	0	0	0	0	0	0	0	0	0	0	0	0	0	15	0	0	0	11568
25	0	42	0	0	0	1	0	0	12	11352	3	147	0	6	0	0	0	0	0	0	0	0	0	0	0	3	0	0	0	0	0	0	0	0	0	0	0	0	0	0	0	1	0	1	0	0	0	0	0	0	0	0	0	0	0	0	0	0	0	0	0	0	0	0	11568
26	0	14	0	0	3	11506	0	10	0	1	0	0	0	19	0	0	0	1	0	0	0	12	0	0	0	0	0	0	0	0	0	0	0	0	0	0	0	1	0	0	0	0	0	0	0	0	0	0	0	0	0	0	0	1	0	0	0	0	0	0	0	0	0	0	11568
27	0	0	0	0	0	0	0	0	0	0	0	0	0	0	0	0	0	0	0	0	0	0	0	0	0	0	0	0	0	0	0	0	0	0	0	0	0	0	0	0	0	0	0	0	0	0	0	0	0	0	0	0	0	0	0	0	0	0	0	0	0	0	0	0	0
28	0	0	0	0	0	0	0	0	0	0	0	0	0	0	0	0	0	0	0	0	0	0	0	0	0	0	0	0	0	0	0	0	0	0	0	0	0	0	0	0	0	0	0	0	0	0	0	0	0	0	0	0	0	0	0	0	0	0	0	0	0	0	0	0	0
