	AAA	AAG	AAC	AAT	AGA	AGG	AGC	AGT	ACA	ACG	ACC	ACT	ATA	ATG	ATC	ATT	GAA	GAG	GAC	GAT	GGA	GGG	GGC	GGT	GCA	GCG	GCC	GCT	GTA	GTG	GTC	GTT	CAA	CAG	CAC	CAT	CGA	CGG	CGC	CGT	CCA	CCG	CCC	CCT	CTA	CTG	CTC	CTT	TAA	TAG	TAC	TAT	TGA	TGG	TGC	TGT	TCA	TCG	TCC	TCT	TTA	TTG	TTC	TTT	SUM
0	0	0	0	0	0	0	0	0	1	0	0	0	0	0	0	0	8	0	0	0	0	0	0	0	14545	3	0	1	4	0	0	0	0	0	0	0	0	0	0	0	0	0	0	0	0	0	0	0	0	0	0	0	0	0	0	0	10	0	0	0	0	0	0	0	14572
1	0	0	0	0	0	0	0	0	0	0	0	0	0	0	0	7	0	0	0	0	0	0	0	0	0	0	0	0	0	0	0	0	1	0	0	2	0	0	0	0	0	0	0	0	2	0	1	14556	0	0	0	0	0	0	0	0	0	0	0	0	0	0	0	3	14572
2	1	0	1	0	0	0	1	0	0	0	1	0	4	0	14557	2	0	0	0	0	0	0	0	0	0	0	0	0	0	0	1	0	0	0	0	0	0	0	0	0	0	0	0	0	0	0	2	0	0	0	0	0	0	0	0	0	0	0	0	0	0	0	2	0	14572
3	0	0	0	0	0	2	0	0	0	0	0	0	0	0	0	0	0	0	0	0	1	3	0	0	0	0	0	0	0	0	0	0	0	0	0	0	0	4	0	0	0	0	0	0	0	0	0	0	0	2	0	0	4	14498	0	47	0	0	0	0	0	11	0	0	14572
4	0	0	7	0	0	0	0	0	0	0	0	0	0	0	0	0	35	1	14498	18	0	0	2	0	0	0	0	0	0	0	0	0	0	0	0	0	0	0	0	0	0	0	0	0	0	0	0	0	0	0	10	0	0	0	0	0	0	0	1	0	0	0	0	0	14572
5	0	0	0	7	0	0	0	0	0	0	0	0	0	0	0	0	0	1	4	14539	0	0	0	1	0	0	0	3	0	0	0	2	0	0	0	1	0	0	0	0	0	0	0	0	0	0	0	0	0	0	0	13	0	0	0	0	0	0	0	1	0	0	0	0	14572
6	0	0	0	0	0	0	0	0	0	0	0	0	0	3	0	0	0	0	0	0	0	0	0	0	0	0	0	0	0	0	0	0	0	1	0	0	0	0	0	0	0	4	0	0	6	14459	1	93	0	0	0	0	0	0	0	0	0	0	0	0	0	5	0	0	14572
7	0	0	0	0	0	4	0	0	0	0	0	0	0	0	0	0	0	0	0	0	0	0	0	0	0	0	0	0	0	1	0	0	0	10	0	0	11	14485	0	24	0	0	0	1	0	11	0	0	0	0	0	0	0	25	0	0	0	0	0	0	0	0	0	0	14572
8	0	0	12	0	6	2	14502	29	0	0	1	0	0	0	15	0	0	0	0	0	0	0	3	0	0	0	0	0	0	0	0	0	0	0	0	0	0	0	1	0	0	0	1	0	0	0	0	0	0	0	0	0	0	0	0	0	0	0	0	0	0	0	0	0	14572
9	0	0	0	0	0	0	0	0	0	0	0	0	0	25	0	0	0	0	0	0	0	0	0	0	0	0	0	0	0	1	0	0	0	9	0	0	0	4	0	0	0	19	0	0	87	14415	1	5	0	0	0	0	0	0	0	0	0	0	0	0	0	6	0	0	14572
10	0	0	0	0	0	0	0	0	0	0	0	0	0	0	0	0	0	0	0	0	1	0	8	0	0	0	0	0	0	0	0	0	0	0	0	0	0	0	8	0	0	0	0	0	0	0	0	0	0	0	24	0	6	1	14497	22	0	0	0	0	0	0	5	0	14572
11	0	0	0	0	0	0	0	0	0	0	0	0	0	0	3	0	0	0	0	0	0	0	0	0	0	0	0	0	0	0	4	0	0	0	1	0	0	0	2	0	0	0	16	0	2	0	14537	6	0	0	0	0	0	0	0	0	0	0	0	0	0	0	1	0	14572
12	0	0	0	0	0	0	0	0	0	0	0	0	0	0	1	0	0	0	0	0	0	0	0	0	0	0	0	0	0	0	0	0	0	0	0	0	0	0	0	0	0	0	0	0	0	0	3	0	0	0	1	0	0	0	2	0	0	0	3	0	5	2	14547	8	14572
13	0	0	17	0	3	1	14533	5	0	0	0	0	0	0	2	0	0	0	0	0	0	0	5	0	0	0	0	0	0	0	1	0	0	0	0	0	0	0	3	0	0	0	0	0	0	0	0	0	0	0	0	0	0	0	2	0	0	0	0	0	0	0	0	0	14572
14	0	0	0	0	0	0	0	0	0	0	0	0	0	0	0	0	0	0	2	0	0	0	0	0	0	0	0	0	0	0	0	0	0	0	7	0	0	0	0	0	0	0	0	0	0	0	0	0	4	0	14538	4	0	0	1	0	0	0	6	0	0	0	10	0	14572
15	0	0	11	0	0	0	0	0	0	0	1	0	0	0	0	0	0	0	1	0	0	0	0	0	0	0	0	0	0	0	0	0	4	1	14524	10	0	0	1	0	0	0	16	0	1	0	1	0	0	0	1	0	0	0	0	0	0	0	0	0	0	0	0	0	14572
16	0	0	0	0	0	0	2	0	0	0	0	0	0	0	0	0	0	0	0	0	0	0	0	0	0	1	0	0	0	0	0	0	0	0	28	0	3	4	14502	11	0	0	9	0	0	0	5	1	0	0	1	0	0	0	5	0	0	0	0	0	0	0	0	0	14572
17	4	2	25	12	4	5	77	19	710	486	1209	219	770	576	227	196	0	10	7	13	268	644	123	164	823	560	551	663	0	439	498	615	15	37	6	8	3	2	3	4	5	12	26	3	355	155	562	535	0	1	26	18	1	41	218	10	15	264	64	120	94	1308	564	178	14572
18	10	0	0	0	14510	9	2	0	1	0	0	0	3	0	0	0	0	0	0	0	22	0	0	0	0	0	0	0	2	0	0	1	0	0	0	0	4	0	0	0	0	0	0	0	0	0	0	0	0	0	0	0	7	0	0	0	1	0	0	0	0	0	0	0	14572
19	0	0	11	0	0	0	1	0	0	0	0	0	0	0	0	0	4	2	14519	3	0	0	21	0	0	0	4	0	0	0	1	0	0	0	2	0	0	0	0	0	0	0	0	0	0	0	0	0	0	0	2	0	0	0	1	0	0	0	0	0	0	0	0	0	14571
20	0	0	0	0	0	0	0	0	0	0	0	0	3	0	0	0	0	0	0	0	0	0	0	0	0	0	0	0	3	0	1	0	0	0	0	0	0	0	0	0	0	0	0	0	10	0	0	0	2	0	0	0	2	0	0	1	3	0	1	0	14511	5	8	21	14571
21	0	0	0	0	0	0	0	0	0	0	0	0	0	0	5	0	0	0	0	0	0	0	0	0	0	0	0	0	0	0	0	1	0	0	0	0	0	0	6	0	0	0	16	0	0	0	14532	2	0	0	0	0	0	0	0	0	0	0	0	1	0	0	8	0	14571
22	0	0	0	0	0	0	0	0	0	0	0	0	0	1	0	0	0	0	0	0	0	0	0	0	0	0	0	0	0	3	0	0	0	0	0	0	0	0	0	0	0	0	0	0	0	9	0	0	0	1	0	0	0	2	0	0	0	6	0	0	4	14539	0	6	14571
23	0	0	0	11	0	1	0	4	0	0	0	10	0	3	4	14530	0	0	0	0	0	0	0	0	0	0	0	0	0	0	0	5	0	0	0	0	0	0	0	0	0	0	0	0	0	0	0	0	0	0	0	0	0	0	0	0	0	0	0	0	0	1	0	2	14571
24	0	0	0	0	0	0	0	0	0	0	0	0	8	0	0	0	10	0	1	0	8	0	0	0	8	0	0	0	14501	4	1	6	0	0	0	0	0	0	0	0	0	0	0	0	0	0	0	0	1	0	0	0	1	0	0	0	0	0	0	0	22	0	0	0	14571
25	0	6	0	0	0	0	0	0	24	14469	5	46	1	6	0	0	0	0	0	0	0	0	0	0	0	6	0	0	0	0	0	0	0	0	0	0	0	1	0	0	0	5	0	0	0	0	0	0	0	0	0	0	0	0	0	0	0	2	0	0	0	0	0	0	14571
26	0	13	0	0	5	14523	1	4	0	0	0	0	0	12	0	0	0	1	0	0	0	10	0	1	0	0	0	0	0	0	0	0	0	0	0	0	0	0	0	0	0	0	0	0	0	0	0	0	0	0	0	0	0	1	0	0	0	0	0	0	0	0	0	0	14571
27	0	0	0	0	0	0	0	0	0	0	0	0	0	0	0	0	0	0	0	0	0	0	0	0	0	0	0	0	0	0	0	0	0	0	0	0	0	0	0	0	0	0	0	0	0	0	0	0	0	0	0	0	0	0	0	0	0	0	0	0	0	0	0	0	0
28	0	0	0	0	0	0	0	0	0	0	0	0	0	0	0	0	0	0	0	0	0	0	0	0	0	0	0	0	0	0	0	0	0	0	0	0	0	0	0	0	0	0	0	0	0	0	0	0	0	0	0	0	0	0	0	0	0	0	0	0	0	0	0	0	0
