	AAA	AAG	AAC	AAT	AGA	AGG	AGC	AGT	ACA	ACG	ACC	ACT	ATA	ATG	ATC	ATT	GAA	GAG	GAC	GAT	GGA	GGG	GGC	GGT	GCA	GCG	GCC	GCT	GTA	GTG	GTC	GTT	CAA	CAG	CAC	CAT	CGA	CGG	CGC	CGT	CCA	CCG	CCC	CCT	CTA	CTG	CTC	CTT	TAA	TAG	TAC	TAT	TGA	TGG	TGC	TGT	TCA	TCG	TCC	TCT	TTA	TTG	TTC	TTT	SUM
0	0	0	0	0	0	0	0	0	13	0	0	0	0	0	0	0	42	0	0	0	3	0	0	0	71140	3	8	4	11	0	0	0	0	0	0	0	0	0	0	0	3	0	0	0	0	0	0	0	0	0	0	0	0	0	0	0	35	0	1	0	0	0	0	0	71263
1	0	0	0	2	0	0	0	0	0	0	0	0	0	0	0	25	0	0	0	0	0	0	0	0	0	0	0	0	0	0	0	6	0	0	0	11	0	0	0	0	0	0	0	9	0	3	9	71185	0	0	0	0	0	0	0	0	0	0	0	0	0	0	0	13	71263
2	0	0	3	0	0	0	3	0	0	0	12	0	42	6	71162	14	0	0	0	0	0	0	0	0	0	0	0	0	0	0	9	0	0	0	0	0	0	0	0	0	0	0	0	0	0	0	7	0	0	0	0	0	0	0	0	0	0	0	0	0	0	0	5	0	71263
3	0	0	0	0	0	7	0	0	0	0	0	0	0	0	0	0	0	0	0	0	0	4	0	0	0	0	0	0	0	0	0	0	0	0	0	0	0	11	0	0	0	0	0	0	0	1	0	0	0	5	0	0	27	70933	2	138	0	3	0	0	0	127	0	5	71263
4	0	0	34	0	0	0	0	0	0	0	0	0	0	0	0	0	213	1	70644	208	1	0	25	0	0	0	11	0	0	0	3	0	0	0	3	0	0	0	0	0	0	0	0	0	0	0	0	0	0	0	118	0	0	0	0	0	0	0	2	0	0	0	0	0	71263
5	0	0	0	51	0	0	0	0	0	0	0	0	0	0	0	0	4	16	23	71090	0	0	0	9	0	0	0	10	0	0	0	8	0	0	0	4	0	0	0	0	0	0	0	0	0	0	0	0	0	0	0	47	0	0	0	0	0	0	0	1	0	0	0	0	71263
6	0	0	0	0	0	0	0	0	0	0	0	0	0	13	0	0	0	0	0	0	0	1	0	0	0	0	0	0	0	19	0	0	0	8	0	0	0	5	0	0	0	46	0	0	35	71079	4	13	0	0	0	0	0	0	0	0	0	0	0	0	0	40	0	0	71263
7	0	0	0	0	0	4	0	0	0	0	0	0	0	0	0	0	1	0	0	0	0	2	0	0	0	0	0	0	0	0	0	0	0	57	0	0	31	71024	3	7	0	2	0	0	0	9	0	3	0	0	0	0	0	120	0	0	0	0	0	0	0	0	0	0	71263
8	0	0	32	0	9	2	71092	74	0	0	4	0	0	0	20	0	0	0	0	0	0	0	21	0	0	0	0	0	0	0	0	0	0	0	0	0	0	0	6	0	0	0	0	0	0	0	0	0	0	0	0	0	0	0	3	0	0	0	0	0	0	0	0	0	71263
9	0	1	0	0	0	0	0	0	0	0	0	0	0	60	0	0	0	0	0	0	0	0	0	0	0	0	0	0	0	8	0	0	0	67	0	0	0	36	0	0	0	93	0	0	56	70827	4	64	0	0	0	0	0	1	0	0	0	0	0	0	0	46	0	0	71263
10	0	0	0	0	0	0	23	0	0	0	0	0	0	0	1	0	0	0	0	0	0	3	57	1	0	0	0	0	0	0	2	0	0	0	0	0	0	0	40	0	0	0	0	0	0	0	0	0	0	0	82	0	30	16	70766	200	0	0	7	0	0	0	35	0	71263
11	0	0	0	0	0	0	0	0	0	0	0	0	0	0	17	0	0	0	0	0	0	0	0	0	0	0	0	0	0	0	1	0	0	0	7	0	0	0	13	0	0	0	58	2	8	1	71117	27	0	0	0	0	0	0	0	0	0	0	1	0	0	0	11	0	71263
12	0	0	0	0	0	0	0	0	0	0	0	0	0	0	12	0	0	0	0	0	0	0	0	0	0	0	0	0	0	0	7	0	0	0	0	0	0	0	1	0	0	0	2	0	0	0	29	0	0	0	10	0	0	0	12	0	1	0	18	0	13	7	71121	30	71263
13	0	0	51	1	17	10	71014	33	0	1	16	0	0	0	19	0	0	0	0	0	0	0	47	0	0	0	0	1	0	0	2	0	0	1	0	0	0	0	25	0	0	0	2	1	0	1	1	1	0	0	0	0	0	0	12	1	0	0	0	0	1	2	0	2	71262
14	0	0	8	0	3	0	0	0	0	0	0	1	0	0	1	1	1	0	6	0	1	0	0	0	0	0	0	0	0	0	0	0	1	0	42	5	0	0	6	0	0	0	0	0	0	0	1	0	35	1	71032	35	0	1	10	0	1	0	27	0	1	0	42	0	71262
15	894	949	1566	460	241	148	527	488	1005	1422	1345	1289	793	1354	673	895	1546	4738	1825	2075	361	266	552	321	1158	4089	1400	1508	1474	4404	694	1703	2023	2314	3558	1643	430	507	836	487	325	505	563	409	1185	2191	129	1349	66	78	1734	860	33	204	640	292	1067	1482	435	600	559	1273	452	869	71261
16	0	0	0	1	6	3	27	1	0	1	0	0	0	0	0	1	0	0	0	0	0	1	36	1	0	2	0	1	0	0	0	0	0	0	159	2	12	42	70687	79	1	1	51	2	2	1	41	5	0	1	1	0	1	1	82	2	0	0	1	0	1	2	2	1	71261
17	0	0	0	0	1	1	0	0	0	0	1	0	0	12	0	0	0	0	5	0	0	2	1	0	0	1	0	0	1	29	0	0	0	1	0	0	0	0	0	0	0	0	1	0	0	35	2	3	1	10	0	0	0	17	0	1	0	35	0	1	10	71039	5	46	71261
18	35	2	0	0	70957	30	13	12	3	1	0	0	11	0	2	3	2	1	0	0	144	4	0	0	0	0	1	0	0	1	0	0	0	0	0	0	11	0	0	0	0	0	0	0	1	0	0	0	1	0	0	0	17	0	0	0	0	0	0	0	3	2	0	3	71260
19	0	0	26	0	1	1	1	0	0	0	1	0	0	0	0	3	17	2	71047	26	0	0	69	0	0	0	21	1	2	0	15	1	0	0	4	0	0	0	0	0	0	0	1	0	0	0	5	0	1	0	13	0	0	0	0	0	0	0	0	0	1	0	1	0	71260
20	1	0	0	0	0	0	0	0	0	2	0	0	26	1	0	0	1	0	0	0	1	0	0	0	0	0	0	0	10	0	1	1	0	0	0	0	0	1	0	0	0	0	1	0	61	1	3	6	10	0	0	0	11	0	0	1	27	1	0	0	70924	30	20	118	71259
21	0	0	2	1	0	2	0	0	0	4	0	0	0	2	29	5	0	0	0	0	0	0	0	0	0	0	0	0	0	0	3	0	0	0	9	0	1	0	10	0	0	0	53	1	7	13	71032	45	0	0	0	0	0	0	0	0	0	0	1	0	0	1	38	0	71259
22	0	2	0	0	0	5	0	1	0	0	0	0	0	26	0	2	0	2	0	0	0	0	0	0	0	0	0	0	5	49	0	1	0	0	0	0	0	1	0	0	0	0	0	0	0	81	0	1	1	29	0	0	0	66	1	1	0	37	0	1	11	70777	4	153	71257
23	0	0	0	97	0	1	0	35	0	5	1	16	10	17	16	70903	0	0	0	1	0	0	0	1	0	0	0	0	1	0	0	102	0	0	0	0	0	0	0	0	1	0	0	0	0	0	0	5	0	0	0	0	0	0	0	1	0	0	0	0	0	1	0	38	71252
24	0	0	0	0	0	6	0	0	0	1	0	0	46	0	0	0	32	0	0	0	37	0	0	1	22	0	1	0	70865	35	8	18	0	0	0	0	0	0	0	0	0	0	0	0	2	0	0	0	0	0	0	0	1	0	0	0	0	0	0	0	176	0	0	1	71252
25	1	110	0	0	1	1	0	0	95	70784	15	190	0	16	0	0	0	0	0	0	0	0	0	0	0	11	0	0	0	0	0	0	0	0	0	0	0	3	0	0	0	8	1	2	0	0	0	0	0	0	0	0	0	0	0	0	0	8	0	0	0	0	0	0	71246
26	0	132	0	1	15	70835	2	62	0	3	0	0	0	105	0	3	0	1	0	0	0	62	0	0	0	0	0	0	0	0	0	0	0	0	0	0	0	10	0	0	0	0	0	0	0	0	0	1	0	1	0	0	0	12	0	0	0	0	0	0	0	0	0	0	71245
27	0	0	0	0	0	0	0	0	0	0	0	0	0	0	0	0	0	0	0	0	0	0	0	0	0	0	0	0	0	0	0	0	0	0	0	0	0	0	0	0	0	0	0	0	0	0	0	0	0	0	0	0	0	0	0	0	0	0	0	0	0	0	0	0	0
28	0	0	0	0	0	0	0	0	0	0	0	0	0	0	0	0	0	0	0	0	0	0	0	0	0	0	0	0	0	0	0	0	0	0	0	0	0	0	0	0	0	0	0	0	0	0	0	0	0	0	0	0	0	0	0	0	0	0	0	0	0	0	0	0	0
