	AAA	AAG	AAC	AAT	AGA	AGG	AGC	AGT	ACA	ACG	ACC	ACT	ATA	ATG	ATC	ATT	GAA	GAG	GAC	GAT	GGA	GGG	GGC	GGT	GCA	GCG	GCC	GCT	GTA	GTG	GTC	GTT	CAA	CAG	CAC	CAT	CGA	CGG	CGC	CGT	CCA	CCG	CCC	CCT	CTA	CTG	CTC	CTT	TAA	TAG	TAC	TAT	TGA	TGG	TGC	TGT	TCA	TCG	TCC	TCT	TTA	TTG	TTC	TTT	SUM
0	0	0	0	0	0	0	0	0	1	0	0	0	0	0	0	0	10	0	0	0	1	0	0	0	17632	2	6	2	1	0	0	0	0	0	0	0	0	0	0	0	0	0	0	0	0	0	0	0	0	0	0	0	0	0	0	0	4	0	0	0	0	0	0	0	17659
1	0	0	0	1	0	0	0	0	0	0	0	0	0	0	0	1	0	0	0	0	0	0	0	0	0	0	0	0	0	0	0	0	0	0	0	1	0	0	0	0	0	0	0	1	2	0	5	17645	0	0	0	0	0	0	0	0	0	0	0	0	0	0	0	3	17659
2	0	0	0	0	0	0	0	0	0	0	1	0	6	0	17647	3	0	0	0	0	0	0	0	0	0	0	0	0	0	0	1	0	0	0	0	0	0	0	0	0	0	0	0	0	0	0	1	0	0	0	0	0	0	0	0	0	0	0	0	0	0	0	0	0	17659
3	0	0	0	0	0	6	0	0	0	0	0	0	0	0	0	0	0	0	0	0	0	1	0	0	0	0	0	0	0	0	0	0	0	0	0	0	0	3	0	0	0	0	0	0	0	0	0	0	0	1	0	0	4	17625	0	11	0	0	0	0	0	8	0	0	17659
4	0	0	2	0	0	0	0	0	0	0	0	0	0	0	0	0	9	1	17619	21	0	0	2	0	0	0	2	0	0	0	0	0	0	0	0	0	0	0	0	0	0	0	0	0	0	0	0	0	0	0	3	0	0	0	0	0	0	0	0	0	0	0	0	0	17659
5	0	0	0	11	0	0	0	0	0	0	0	0	0	0	0	0	1	1	23	17617	0	0	0	1	0	0	0	2	0	1	0	1	0	0	0	0	0	0	0	0	0	0	0	0	0	0	0	0	0	0	0	1	0	0	0	0	0	0	0	0	0	0	0	0	17659
6	0	0	0	0	0	0	0	0	0	0	0	0	0	1	0	0	0	0	0	0	0	0	0	0	0	0	0	0	0	0	0	0	0	4	0	0	0	1	0	0	0	8	0	0	26	17615	0	0	0	0	0	0	0	0	0	0	0	0	0	0	0	4	0	0	17659
7	0	0	0	0	0	20	0	0	0	0	0	0	0	0	0	0	0	0	0	0	0	1	0	0	0	0	0	0	0	0	0	0	0	8	0	0	16	17581	0	2	0	0	0	0	0	7	0	1	0	0	0	0	0	23	0	0	0	0	0	0	0	0	0	0	17659
8	0	0	7	0	3	1	17619	15	0	0	1	0	0	0	2	0	0	0	0	0	0	0	7	0	0	0	0	0	0	0	0	0	0	0	0	0	0	0	3	0	0	0	0	0	0	0	0	0	0	0	0	0	0	0	1	0	0	0	0	0	0	0	0	0	17659
9	0	0	0	0	0	0	0	0	0	0	0	0	0	10	0	0	0	0	0	0	0	0	0	0	0	0	0	0	0	1	0	0	0	12	0	0	0	9	0	0	0	14	0	0	92	17473	7	38	0	0	0	0	0	0	0	0	0	0	0	0	0	3	0	0	17659
10	0	0	0	0	0	0	5	0	0	0	0	0	0	0	0	0	0	0	0	0	0	0	13	0	0	0	0	0	0	0	2	0	0	0	0	0	0	1	10	0	0	0	0	0	0	0	0	0	0	0	22	0	2	6	17551	38	0	0	1	0	0	0	8	0	17659
11	0	0	1	0	0	0	0	0	0	0	1	0	0	0	2893	0	0	0	0	0	0	0	0	0	0	0	0	0	0	0	0	0	0	0	1	0	0	0	3	0	0	0	11	0	6	0	14732	9	0	0	0	0	0	0	0	0	0	0	0	0	0	0	2	0	17659
12	0	0	1	0	0	0	0	0	0	0	0	0	0	0	3	0	0	0	0	0	0	0	0	0	0	0	0	0	0	0	3	0	0	0	0	0	0	0	0	0	0	0	0	0	0	0	6	0	0	0	1	0	0	1	1	0	0	0	3	0	4	0	17632	4	17659
13	0	0	12	0	3	0	17573	15	0	25	0	0	0	0	5	0	0	0	0	0	0	1	18	0	0	0	0	0	0	1	0	0	0	0	0	0	0	0	0	0	0	0	0	0	0	0	1	0	0	0	0	0	0	0	5	0	0	0	0	0	0	0	0	0	17659
14	1	0	2	0	0	0	0	0	0	0	0	0	0	0	0	0	0	0	0	0	0	0	0	0	0	0	0	0	0	0	0	0	1	0	15	0	0	1	2	0	0	0	0	0	0	0	0	0	7	0	17606	5	0	0	3	0	0	0	6	0	1	0	8	1	17659
15	1	1	8	0	0	0	0	0	0	0	0	0	0	0	0	0	0	0	1	0	0	0	0	0	0	0	0	0	0	0	0	0	1	2	17595	12	0	0	2	0	0	0	26	0	0	0	1	0	0	0	5	0	0	0	1	0	0	0	0	0	0	3	0	0	17659
16	0	0	0	0	3	0	4	0	0	0	0	0	0	0	0	0	0	0	0	0	0	1	2	0	0	0	0	0	0	0	0	0	0	0	22	1	5	6	17564	9	0	1	16	0	0	0	13	0	0	0	1	0	0	0	8	1	0	0	0	0	0	1	1	0	17659
17	0	0	0	0	1	0	0	0	0	0	0	0	0	0	0	0	0	0	3	0	0	1	0	0	0	0	0	0	0	6	0	0	0	0	0	0	0	0	0	0	0	0	0	0	0	30	0	0	0	5	0	0	0	4	0	0	0	4	0	0	2	17589	1	13	17659
18	2	0	0	0	17588	18	4	1	0	0	0	0	5	0	1	1	1	0	1	0	29	1	0	0	0	0	0	0	0	0	0	0	0	0	0	0	0	0	0	0	0	0	0	0	0	0	0	0	0	0	0	0	4	0	0	0	0	0	0	0	2	0	0	1	17659
19	0	0	11	0	1	0	1	0	0	0	0	0	0	0	0	0	4	1	17575	3	1	0	31	0	0	0	7	0	0	0	8	0	0	0	1	0	0	0	0	0	0	0	1	0	0	0	0	0	0	0	8	0	0	0	0	0	0	0	1	0	2	0	2	0	17658
20	0	0	0	0	0	0	0	0	0	0	0	0	7	0	0	1	0	0	0	0	0	0	0	1	0	0	0	0	6	0	0	0	0	0	0	0	0	0	0	0	0	0	0	0	12	0	1	0	2	0	2	0	4	0	0	0	4	0	0	1	17575	13	7	22	17658
21	70	77	104	169	46	76	222	228	130	408	346	209	430	966	184	174	29	35	17	12	262	323	52	252	133	386	257	160	106	342	77	167	316	209	569	278	253	155	44	55	16	17	37	16	557	354	921	232	5	4	1256	210	9	3310	275	258	134	220	258	184	183	300	294	280	17658
22	0	0	0	0	0	0	0	0	0	0	0	0	0	7	0	2	0	0	0	0	0	0	0	0	0	0	0	0	3	24	0	1	0	1	0	0	0	0	0	0	0	0	0	0	0	11	0	0	0	1	0	0	0	7	0	0	0	3	0	0	4	17570	0	24	17658
23	0	0	0	14	0	0	0	6	0	3	0	2	2	4	7	17584	0	0	0	0	0	0	0	0	0	0	0	0	2	0	0	20	0	0	0	0	0	0	0	0	0	0	0	0	0	0	0	2	0	0	0	0	0	0	0	0	0	0	0	0	0	0	0	12	17658
24	0	0	0	0	0	3	0	0	0	2	0	0	10	0	0	0	9	0	0	0	8	0	0	2	8	0	0	0	17567	9	2	6	0	0	0	0	0	0	0	0	0	0	0	0	0	0	0	0	0	0	0	0	0	0	0	0	0	0	0	0	32	0	0	0	17658
25	0	5	0	0	0	2	0	0	13	17612	10	0	0	2	0	0	0	0	0	0	0	0	0	0	0	4	0	0	0	0	0	0	0	0	0	0	0	0	0	1	0	2	1	0	0	0	0	0	0	0	0	0	0	0	0	0	0	2	0	0	0	0	0	0	17654
26	0	31	0	0	5	17580	2	8	0	1	0	1	0	10	0	1	0	0	0	0	0	11	0	0	0	0	0	0	0	0	0	0	0	0	0	0	0	2	0	0	0	0	0	0	0	0	0	0	0	0	0	0	0	0	0	0	0	0	0	0	0	0	0	0	17652
27	0	0	0	0	0	0	0	0	0	0	0	0	0	0	0	0	0	0	0	0	0	0	0	0	0	0	0	0	0	0	0	0	0	0	0	0	0	0	0	0	0	0	0	0	0	0	0	0	0	0	0	0	0	0	0	0	0	0	0	0	0	0	0	0	0
28	0	0	0	0	0	0	0	0	0	0	0	0	0	0	0	0	0	0	0	0	0	0	0	0	0	0	0	0	0	0	0	0	0	0	0	0	0	0	0	0	0	0	0	0	0	0	0	0	0	0	0	0	0	0	0	0	0	0	0	0	0	0	0	0	0
