	AAA	AAG	AAC	AAT	AGA	AGG	AGC	AGT	ACA	ACG	ACC	ACT	ATA	ATG	ATC	ATT	GAA	GAG	GAC	GAT	GGA	GGG	GGC	GGT	GCA	GCG	GCC	GCT	GTA	GTG	GTC	GTT	CAA	CAG	CAC	CAT	CGA	CGG	CGC	CGT	CCA	CCG	CCC	CCT	CTA	CTG	CTC	CTT	TAA	TAG	TAC	TAT	TGA	TGG	TGC	TGT	TCA	TCG	TCC	TCT	TTA	TTG	TTC	TTT	SUM
0	0	0	0	0	0	0	0	0	1	0	0	0	0	0	0	0	6	0	0	0	1	0	0	0	16000	1	3	0	4	0	0	0	0	0	0	0	0	0	0	0	0	0	0	0	0	0	0	0	0	0	0	0	0	0	0	0	11	0	0	0	0	0	0	0	16027
1	0	0	0	0	0	0	0	0	0	0	0	0	0	0	0	4	0	0	0	0	0	0	0	0	0	0	0	0	0	0	0	0	0	0	0	4	0	0	0	1	0	0	0	2	0	1	0	16012	0	0	0	0	0	0	0	0	0	0	0	0	0	0	0	3	16027
2	0	0	2	0	0	0	0	0	0	0	2	0	7	1	16008	3	0	0	0	0	0	0	0	0	0	0	0	0	0	0	2	0	0	0	0	0	0	0	0	0	0	0	0	0	0	0	0	0	0	0	0	0	0	0	0	0	0	0	0	0	0	0	2	0	16027
3	0	0	0	0	0	1	0	0	0	0	0	0	0	0	0	0	0	0	0	0	0	1	0	0	0	0	0	0	0	0	0	0	0	0	0	0	0	2	0	0	0	0	0	0	0	0	0	0	0	2	0	1	5	15959	1	39	0	0	0	0	0	15	0	1	16027
4	0	0	1	0	0	0	0	0	0	0	0	0	0	0	0	0	29	0	15958	15	0	0	7	0	0	0	2	0	0	0	1	0	0	0	3	0	0	0	0	0	0	0	0	0	0	0	0	0	0	0	11	0	0	0	0	0	0	0	0	0	0	0	0	0	16027
5	0	0	0	9	0	0	0	0	0	0	0	0	0	0	0	0	2	0	1	15999	0	0	0	2	1	0	0	4	0	0	0	2	0	0	0	0	0	0	0	0	0	0	0	0	0	0	0	0	0	0	0	7	0	0	0	0	0	0	0	0	0	0	0	0	16027
6	0	1	0	0	0	0	0	0	0	0	0	0	0	9	0	0	0	0	0	0	0	0	0	0	0	0	0	0	0	0	0	0	0	5	0	0	0	0	0	0	0	11	0	0	14	15925	0	53	0	0	0	0	0	0	0	0	0	0	0	0	0	9	0	0	16027
7	0	0	0	0	0	3	0	0	0	0	0	0	0	0	0	0	0	0	0	0	0	1	0	0	0	0	0	0	0	0	0	0	0	22	0	0	15	15834	0	17	0	0	0	0	0	56	0	0	0	0	0	0	0	79	0	0	0	0	0	0	0	0	0	0	16027
8	0	0	10	0	18	2	15960	15	0	0	2	0	0	0	12	0	0	0	0	0	0	0	4	0	0	0	0	0	0	0	0	0	0	0	0	0	0	0	2	0	0	0	0	0	0	0	0	0	0	0	0	0	0	0	2	0	0	0	0	0	0	0	0	0	16027
9	0	0	0	0	0	0	0	0	0	0	0	0	0	26	0	0	0	0	0	0	0	0	0	0	0	0	0	0	0	0	0	0	0	11	0	0	0	8	0	1	0	28	0	0	22	15860	0	64	0	0	0	0	0	0	0	0	0	0	0	0	0	7	0	0	16027
10	0	0	0	0	0	0	5	0	0	0	0	0	0	0	1	0	0	0	0	0	0	0	18	0	0	0	0	0	0	0	0	0	0	0	0	0	0	0	8	0	0	0	0	0	0	0	0	0	0	0	20	0	2	1	15882	49	0	0	0	0	0	0	40	1	16027
11	0	0	0	0	0	0	0	0	0	0	0	0	0	0	18	0	0	0	0	0	0	0	0	0	0	0	0	0	0	0	0	0	0	0	3	0	0	0	3	0	0	0	9	0	0	0	15979	9	0	0	0	0	0	0	0	0	0	0	0	0	0	0	6	0	16027
12	0	0	0	0	0	0	0	0	0	0	0	0	0	0	1	0	0	0	0	0	0	0	0	0	0	0	0	0	0	0	1	0	0	0	0	0	0	0	0	0	0	0	0	0	0	0	10	0	0	0	0	0	0	0	0	0	0	0	3	0	2	2	16003	5	16027
13	0	0	12	0	2	3	15976	6	0	1	2	0	0	0	7	0	0	0	0	0	0	0	9	0	0	0	0	0	0	0	0	0	0	0	0	0	0	0	6	0	0	0	0	0	0	0	0	0	0	0	0	0	0	0	2	0	0	0	0	0	0	0	0	0	16026
14	0	0	1	0	0	0	0	0	0	0	0	0	0	0	0	0	0	0	0	0	0	0	0	0	0	0	0	0	0	0	0	0	0	0	9	0	0	0	0	0	0	0	0	0	0	0	1	0	3	0	15985	1	0	0	4	0	0	0	10	0	0	0	12	0	16026
15	0	0	11	1	0	0	0	0	0	0	2	0	0	0	0	0	0	0	0	0	0	0	0	0	0	0	0	0	0	0	0	0	3	1	15969	2	0	0	4	0	0	0	29	0	0	0	2	0	0	0	2	0	0	0	0	0	0	0	0	0	0	0	0	0	16026
16	0	0	0	0	0	0	5	0	0	0	0	0	0	0	0	0	0	0	0	0	0	0	3	0	0	0	0	1	0	0	0	0	0	1	44	0	3	8	15921	10	0	1	14	0	0	0	6	0	0	0	1	0	0	0	8	0	0	0	0	0	0	0	0	0	16026
17	0	0	0	0	0	0	0	0	0	0	0	0	0	6	0	0	0	0	0	0	0	0	0	0	0	0	0	0	0	6	0	0	0	0	0	0	0	0	0	0	0	0	0	0	0	6	0	0	0	1	0	0	0	4	0	0	0	5	0	0	9	15976	1	12	16026
18	29	42	330	258	298	422	381	290	216	289	328	138	76	177	51	39	235	137	103	184	499	753	419	242	282	390	326	329	75	70	130	285	1215	333	749	357	225	266	517	144	37	13	11	24	81	235	268	187	4	4	537	196	6	338	473	723	111	85	291	187	49	219	193	125	16026
19	0	0	10	0	0	0	0	0	0	0	0	0	0	0	0	0	7	1	15934	2	0	0	31	0	0	0	11	0	0	0	8	0	0	0	4	0	0	0	0	0	0	0	1	0	0	0	0	0	0	0	16	0	0	0	1	0	0	0	0	0	0	0	0	0	16026
20	0	0	0	0	0	0	0	0	0	0	0	0	8	0	0	1	0	0	0	0	0	0	0	0	0	0	0	0	5	0	0	0	0	0	0	0	0	0	0	0	0	0	0	0	21	0	0	1	4	0	1	0	1	0	0	0	10	0	0	0	15916	10	4	44	16026
21	0	0	0	0	0	0	0	0	0	0	0	0	0	0	6	0	0	0	0	0	0	0	0	0	0	0	0	0	0	0	0	1	0	0	6	0	0	0	3	0	1	0	15	0	5	0	15971	6	0	0	0	0	0	0	0	0	0	0	0	0	0	0	12	0	16026
22	0	0	0	0	0	0	0	0	0	0	0	0	0	0	0	0	0	0	0	0	0	0	0	0	0	0	0	0	0	4	0	0	0	0	0	0	0	0	0	0	0	0	0	0	0	4	0	0	0	1	0	0	0	5	0	0	0	5	0	0	3	15997	0	7	16026
23	0	0	0	10	0	0	0	4	0	0	0	4	2	5	3	15974	0	0	0	0	0	0	0	0	0	0	0	0	0	0	0	10	0	0	0	0	0	0	0	0	0	0	0	0	0	0	0	0	0	0	0	1	0	0	0	1	0	0	0	0	0	0	0	12	16026
24	0	0	0	0	0	0	0	0	0	1	0	0	12	0	0	0	16	0	0	0	7	0	0	1	3	0	0	0	15949	9	3	8	0	0	0	0	0	0	0	0	0	0	0	0	0	0	0	0	0	0	0	0	0	0	0	0	0	0	0	0	16	0	0	1	16026
25	0	3	0	0	0	2	0	0	86	15914	7	5	0	3	0	0	0	0	0	0	0	0	0	0	0	2	0	0	0	0	0	0	0	0	0	0	0	0	0	0	0	3	0	0	0	0	0	0	0	0	0	0	0	0	0	0	0	1	0	0	0	0	0	0	16026
26	0	23	0	0	5	15432	2	11	0	0	0	0	12	530	0	0	0	1	0	0	0	9	0	0	0	0	0	0	0	0	0	0	0	0	0	0	0	0	0	0	0	0	0	0	0	0	0	0	0	0	0	0	0	0	0	0	0	0	0	0	0	0	0	0	16025
27	0	0	0	0	0	0	0	0	0	0	0	0	0	0	0	0	0	0	0	0	0	0	0	0	0	0	0	0	0	0	0	0	0	0	0	0	0	0	0	0	0	0	0	0	0	0	0	0	0	0	0	0	0	0	0	0	0	0	0	0	0	0	0	0	0
28	0	0	0	0	0	0	0	0	0	0	0	0	0	0	0	0	0	0	0	0	0	0	0	0	0	0	0	0	0	0	0	0	0	0	0	0	0	0	0	0	0	0	0	0	0	0	0	0	0	0	0	0	0	0	0	0	0	0	0	0	0	0	0	0	0
