	AAA	AAG	AAC	AAT	AGA	AGG	AGC	AGT	ACA	ACG	ACC	ACT	ATA	ATG	ATC	ATT	GAA	GAG	GAC	GAT	GGA	GGG	GGC	GGT	GCA	GCG	GCC	GCT	GTA	GTG	GTC	GTT	CAA	CAG	CAC	CAT	CGA	CGG	CGC	CGT	CCA	CCG	CCC	CCT	CTA	CTG	CTC	CTT	TAA	TAG	TAC	TAT	TGA	TGG	TGC	TGT	TCA	TCG	TCC	TCT	TTA	TTG	TTC	TTT	SUM
0	0	0	1	0	0	0	0	0	14	0	0	0	0	0	0	0	51	0	0	0	7	0	0	0	120373	16	18	11	28	0	0	0	0	0	0	0	0	1	0	0	4	0	0	0	0	0	0	0	0	0	0	0	0	0	0	0	78	0	1	0	0	0	0	0	120603
1	0	0	0	0	0	0	0	1	0	0	0	0	0	0	0	38	0	0	0	0	0	0	1	0	0	0	0	1	0	0	0	5	1	0	0	13	0	0	0	12	0	0	0	13	4	3	21	120473	0	0	0	0	0	0	0	0	0	0	0	0	0	0	0	17	120603
2	0	0	8	0	1	0	2	0	0	0	21	0	41	2	120475	28	0	0	0	0	0	0	0	0	0	0	0	0	0	0	6	0	0	0	0	0	0	0	0	0	0	0	0	0	0	1	14	0	0	0	0	0	0	0	0	0	0	0	0	0	0	0	4	0	120603
3	0	0	0	0	1	8	0	0	0	0	0	0	0	0	0	0	0	0	0	0	0	9	0	0	0	0	0	0	0	0	0	0	0	0	0	0	0	24	0	0	0	0	0	0	0	0	0	0	0	13	0	2	44	120185	67	121	1	2	0	0	0	116	0	10	120603
4	2	0	42	0	0	0	0	0	0	0	1	0	0	0	0	0	41	0	119647	758	0	1	31	2	0	0	12	0	0	0	7	1	0	0	1	0	0	0	0	0	0	0	0	0	0	0	1	0	0	0	51	1	0	0	0	0	0	0	4	0	0	0	0	0	120603
5	0	0	2	56	0	0	0	0	0	0	0	0	0	0	0	0	4	6	100	120360	0	0	0	11	1	0	0	24	0	0	0	18	0	0	0	1	0	0	0	0	0	0	0	0	0	0	0	0	0	0	0	17	0	0	0	0	0	0	0	2	0	0	1	0	120603
6	0	1	0	0	0	0	1	0	0	0	0	0	0	77	0	0	0	1	0	0	0	0	0	0	0	0	0	0	0	1	0	0	0	19	0	0	0	9	0	0	1	58	0	0	122	120236	5	27	0	0	0	0	0	0	0	0	0	0	0	0	0	45	0	0	120603
7	0	0	0	0	1	22	0	1	0	0	0	0	0	0	0	0	0	0	0	0	0	4	0	0	0	0	0	0	0	0	0	0	0	85	0	0	155	119861	11	13	1	58	0	1	0	82	0	2	0	0	1	0	0	305	0	0	0	0	0	0	0	0	0	0	120603
8	0	0	73	0	40	10	120211	128	0	0	2	0	0	0	59	0	0	0	0	0	0	0	37	0	0	0	0	0	0	0	0	0	0	0	2	0	1	0	31	0	0	0	0	0	0	0	2	0	0	0	0	0	0	0	7	0	0	0	0	0	0	0	0	0	120603
9	0	0	0	0	0	0	0	0	0	1	0	0	0	136	0	0	0	0	0	0	0	0	0	0	0	0	0	0	0	8	0	0	0	107	0	0	0	44	1	0	0	159	0	1	120	119806	14	132	0	0	0	0	0	0	0	0	0	0	0	0	0	74	0	0	120603
10	0	0	1	0	1	0	28	0	0	0	0	0	0	0	1	0	0	0	1	0	0	2	133	2	0	0	0	0	0	0	9	0	0	0	0	0	0	0	63	0	0	0	1	0	0	0	0	0	0	0	205	0	19	29	119767	253	0	0	5	0	0	1	81	1	120603
11	0	0	1	0	1	0	0	0	0	0	0	0	0	0	45	0	0	0	0	0	0	0	0	0	0	0	0	0	0	0	54	0	0	0	19	0	0	0	15	0	0	0	92	2	39	7	120174	76	0	0	0	0	0	0	0	0	0	0	1	0	0	0	77	0	120603
12	0	0	0	0	0	0	2	0	0	0	0	0	0	0	20	0	0	0	1	0	0	0	0	0	0	0	0	0	0	0	5	0	0	0	0	0	0	0	0	0	0	0	0	0	0	0	62	0	0	0	26	0	1	0	24	0	1	0	46	0	33	10	120327	45	120603
13	0	0	103	0	23	21	119187	66	3	0	14	0	1	107	40	0	0	0	0	0	0	125	77	18	0	0	1	0	0	0	0	0	0	0	0	1	1	1	28	1	0	3	1	0	0	1	2	0	0	0	2	0	0	50	30	0	334	1	77	0	1	282	1	0	120603
14	1	0	3	0	1	0	1	0	0	0	1	0	0	0	0	0	1	1	8	2	0	0	0	0	0	0	0	0	0	0	1	0	0	0	58	0	0	0	0	0	0	0	2	0	1	0	1	0	40	2	120273	48	1	0	27	0	1	0	38	0	0	2	88	0	120602
15	2	0	100	0	0	0	0	0	0	0	7	0	0	0	0	0	0	1	33	0	1	0	1	0	0	0	0	0	1	0	0	0	66	4	120036	39	0	0	30	0	1	0	214	0	0	1	18	0	0	0	45	0	0	0	0	0	0	0	0	0	0	1	0	1	120602
16	1	0	0	0	0	0	21	0	0	1	2	0	0	0	1	2	0	0	1	0	0	0	11	0	0	0	2	0	0	0	0	0	0	0	282	0	50	55	119833	66	0	4	111	1	0	1	65	0	0	0	0	0	1	0	82	1	0	0	1	0	0	2	5	0	120602
17	0	0	0	0	2	2	0	0	0	0	0	0	0	31	0	0	0	0	0	0	1	0	0	0	0	1	0	0	1	50	0	0	0	0	0	0	0	0	0	0	0	1	0	0	0	90	1	4	0	6	0	0	0	41	1	2	0	51	0	0	28	120185	14	90	120602
18	31	2	0	0	119991	105	23	7	64	1	1	0	23	1	2	1	6	1	2	0	230	2	3	0	0	1	0	0	1	0	0	1	0	0	0	0	51	0	0	0	0	0	1	0	3	0	0	0	1	0	0	0	43	0	0	0	0	0	0	0	0	1	0	0	120599
19	0	0	61	0	0	1	5	0	0	0	0	0	1	0	0	1	25	9	120222	60	1	0	120	0	0	0	38	1	1	0	18	0	1	0	1	1	0	0	0	0	0	0	0	0	0	0	0	0	1	0	22	1	0	0	0	0	0	0	1	0	0	2	0	0	120594
20	884	313	1409	783	479	158	850	649	503	184	2193	888	3045	594	3677	2090	1435	1040	2837	1108	1530	1396	2658	3024	1060	2092	3654	2510	2373	3884	1755	2445	2775	409	3150	2660	727	383	1161	825	267	287	477	227	5417	2743	4162	4709	69	71	3356	3115	66	635	2152	3142	1422	1240	1997	1996	5739	2741	3602	5371	120593
21	0	0	0	0	0	0	1	0	0	1	0	0	1	0	76	1	0	0	0	0	0	1	0	0	0	0	0	0	2	0	25	1	0	0	22	0	0	0	39	3	0	0	154	6	28	21	120031	95	0	0	1	0	0	0	0	0	0	0	2	0	0	4	77	0	120592
22	0	0	0	0	0	1	0	0	0	2	0	0	0	15	0	3	0	0	0	0	0	0	0	0	0	0	0	0	0	21	3	4	0	0	0	0	0	0	0	0	0	0	0	0	0	53	0	2	1	13	0	18	0	32	0	0	0	24	0	0	43	120293	2	60	120590
23	0	0	0	54	0	4	1	38	0	0	0	29	11	31	26	120253	0	0	0	1	0	0	0	0	0	0	0	0	4	0	0	83	0	0	0	0	0	0	0	0	0	0	0	1	0	0	1	9	0	0	0	0	0	0	0	0	0	0	0	0	1	1	0	40	120588
24	0	0	0	0	0	0	0	0	0	4	0	0	74	0	1	0	92	0	1	0	51	0	0	0	43	0	0	0	120089	32	19	34	0	0	0	0	0	0	0	0	0	1	0	0	5	0	1	0	0	0	0	0	1	0	0	0	0	0	0	0	129	2	0	3	120582
25	0	49	0	0	1	11	0	0	182	120186	48	8	0	32	0	0	0	0	0	0	0	0	0	0	1	21	0	0	0	0	0	0	0	1	0	0	0	1	0	0	0	32	0	0	0	0	0	0	0	0	0	0	0	0	0	0	0	8	0	1	0	0	0	0	120582
26	1	211	0	1	63	120032	2	38	0	9	0	0	0	66	0	2	0	5	0	0	3	116	0	2	0	0	0	0	0	0	0	0	0	0	0	0	0	11	0	0	0	0	0	0	0	0	0	0	0	0	0	0	0	9	0	0	0	0	0	0	0	1	0	0	120572
27	0	0	0	0	0	0	0	0	0	0	0	0	0	0	0	0	0	0	0	0	0	0	0	0	0	0	0	0	0	0	0	0	0	0	0	0	0	0	0	0	0	0	0	0	0	0	0	0	0	0	0	0	0	0	0	0	0	0	0	0	0	0	0	0	0
28	0	0	0	0	0	0	0	0	0	0	0	0	0	0	0	0	0	0	0	0	0	0	0	0	0	0	0	0	0	0	0	0	0	0	0	0	0	0	0	0	0	0	0	0	0	0	0	0	0	0	0	0	0	0	0	0	0	0	0	0	0	0	0	0	0
