	AAA	AAG	AAC	AAT	AGA	AGG	AGC	AGT	ACA	ACG	ACC	ACT	ATA	ATG	ATC	ATT	GAA	GAG	GAC	GAT	GGA	GGG	GGC	GGT	GCA	GCG	GCC	GCT	GTA	GTG	GTC	GTT	CAA	CAG	CAC	CAT	CGA	CGG	CGC	CGT	CCA	CCG	CCC	CCT	CTA	CTG	CTC	CTT	TAA	TAG	TAC	TAT	TGA	TGG	TGC	TGT	TCA	TCG	TCC	TCT	TTA	TTG	TTC	TTT	SUM
0	0	0	0	0	0	0	0	0	3	0	0	0	0	0	0	0	0	0	0	0	0	0	0	0	14126	1	4	1	5	0	0	0	0	0	0	0	0	0	0	0	0	0	0	0	0	0	0	0	0	0	0	0	0	0	0	0	7	0	0	0	0	0	0	0	14147
1	0	0	0	0	0	0	0	0	0	0	0	0	0	0	0	2	0	0	0	0	0	0	0	0	0	0	0	0	0	0	0	2	0	0	0	2	0	0	0	0	0	0	0	1	0	1	3	14132	0	0	0	0	0	0	0	0	0	0	0	0	0	0	0	4	14147
2	0	0	2	0	0	0	0	0	0	0	0	0	3	0	14140	1	0	0	0	0	0	0	0	0	0	0	0	0	0	0	1	0	0	0	0	0	0	0	0	0	0	0	0	0	0	0	0	0	0	0	0	0	0	0	0	0	0	0	0	0	0	0	0	0	14147
3	0	0	0	0	0	1	0	0	0	0	0	0	0	0	0	0	0	0	0	0	0	1	0	0	0	0	0	0	0	0	0	0	0	0	0	0	0	1	0	0	0	0	0	0	0	0	0	0	0	5	0	0	3	14092	2	27	0	0	0	0	0	15	0	0	14147
4	0	0	8	0	0	0	0	0	0	0	0	0	0	0	0	0	3	0	14110	10	0	0	9	0	0	0	0	0	0	0	1	0	0	0	2	0	0	0	0	0	0	0	0	0	0	0	0	0	0	0	4	0	0	0	0	0	0	0	0	0	0	0	0	0	14147
5	0	0	0	5	0	0	0	0	0	0	0	0	0	0	0	0	1	0	10	14127	0	0	0	2	0	0	0	1	0	0	0	0	0	0	0	0	0	0	0	0	0	0	0	0	0	0	0	0	0	0	0	1	0	0	0	0	0	0	0	0	0	0	0	0	14147
6	0	0	0	0	0	0	0	0	0	0	0	0	0	3	0	0	0	0	0	0	0	0	0	0	0	0	0	0	0	0	0	0	0	7	0	0	0	1	0	0	0	13	0	0	18	14089	1	2	0	0	0	0	0	0	0	0	0	0	0	0	0	13	0	0	14147
7	0	0	0	0	0	3	0	0	0	0	0	0	0	0	0	0	0	0	0	0	0	0	0	0	0	0	0	0	0	0	0	0	0	13	0	0	7	14068	1	1	0	0	0	0	0	1	0	0	0	0	0	0	0	53	0	0	0	0	0	0	0	0	0	0	14147
8	0	0	30	0	3	0	14086	17	0	0	1	0	0	0	1	0	0	0	0	0	0	0	4	0	0	0	0	0	0	0	0	0	0	0	0	0	0	0	3	0	0	0	0	0	0	0	0	0	0	0	0	0	0	0	2	0	0	0	0	0	0	0	0	0	14147
9	0	0	0	0	0	0	0	0	0	0	0	0	0	11	0	0	0	0	0	0	0	0	0	0	0	0	0	0	0	0	0	0	0	14	0	0	1	7	0	0	1	21	0	0	19	14022	29	10	0	0	0	0	0	0	0	0	0	0	0	0	0	12	0	0	14147
10	0	0	0	0	0	0	1	0	0	0	0	0	0	0	0	0	0	0	0	0	0	1	18	0	0	0	0	0	0	0	0	0	0	0	0	0	0	0	7	0	0	0	0	0	0	0	0	0	0	0	22	0	4	4	14055	24	0	0	1	0	0	0	9	1	14147
11	0	0	0	0	0	0	0	0	0	0	0	0	0	0	2	0	0	0	0	0	0	0	0	0	0	0	0	0	0	0	1	0	0	0	1	0	0	0	3	0	0	0	13	0	0	1	14111	9	0	0	0	0	0	0	0	0	0	0	0	0	0	0	6	0	14147
12	0	0	0	0	0	0	0	0	0	0	0	0	0	0	1	0	0	0	0	0	0	0	0	0	0	0	0	0	0	0	0	0	0	0	0	0	0	0	0	0	0	0	0	0	0	0	21	0	0	0	1	0	0	0	0	0	0	0	5	0	7	1	14102	9	14147
13	44	35	82	137	20	11	439	211	198	230	468	292	130	466	142	199	43	103	9	12	308	587	164	272	147	408	1022	176	289	843	308	313	66	301	267	103	45	54	61	39	89	70	174	75	213	409	461	294	3	8	373	267	3	263	439	326	157	185	374	127	152	190	225	226	14147
14	0	0	3	0	0	0	0	0	0	0	0	0	0	0	0	0	0	0	15	0	0	0	0	0	0	0	0	0	1	0	0	0	0	0	11	0	0	0	1	0	0	0	0	0	0	0	0	0	4	0	14073	7	0	0	5	0	0	0	6	0	0	0	21	0	14147
15	0	0	18	0	0	0	0	0	0	1	0	0	0	0	0	0	0	0	0	0	0	0	0	0	0	0	0	0	0	0	0	0	1	0	14085	3	0	0	2	0	0	0	30	0	0	0	2	0	0	0	4	0	0	0	0	0	0	0	0	0	0	1	0	0	14147
16	0	0	0	0	1	1	3	0	0	0	1	0	0	0	0	0	0	0	0	0	0	0	0	0	0	0	0	0	0	1	1	0	0	0	24	0	1	4	14069	5	0	0	8	2	0	0	9	1	0	0	0	0	0	0	15	0	0	0	0	0	0	0	1	0	14147
17	0	0	0	0	0	0	0	0	0	0	0	0	0	3	0	0	0	0	1	0	0	1	0	0	0	0	0	0	0	5	0	0	0	0	0	0	0	0	0	0	0	0	0	0	0	21	0	0	0	4	0	0	1	3	0	0	0	6	0	0	5	14081	10	5	14146
18	6	1	0	0	14065	11	4	0	1	0	0	0	1	0	0	0	0	0	0	0	46	0	0	0	0	0	0	0	1	0	0	0	0	0	0	0	2	0	0	0	0	0	0	0	0	0	0	0	0	0	0	0	6	1	0	0	0	0	0	0	0	0	0	1	14146
19	1	0	7	0	0	0	0	0	0	0	0	0	0	0	0	0	2	1	14090	14	0	0	20	0	0	0	3	0	0	0	6	0	0	0	0	0	0	0	0	0	0	0	0	0	0	0	1	0	0	0	1	0	0	0	0	0	0	0	0	0	0	0	0	0	14146
20	0	0	0	0	0	0	0	0	0	0	0	0	10	0	0	0	0	0	0	0	0	0	0	0	0	0	0	0	1	0	0	0	0	0	0	0	0	0	0	0	0	0	0	0	13	0	0	2	2	0	0	0	3	0	0	0	8	0	0	0	14066	9	16	16	14146
21	0	0	0	0	0	0	0	0	0	0	0	0	0	0	7	1	0	0	0	0	0	0	1	0	0	0	0	0	0	0	1	0	0	0	1	0	0	0	4	0	0	0	8	0	2	0	14107	6	0	0	0	0	0	0	0	0	0	0	0	0	0	0	8	0	14146
22	0	0	0	0	0	0	0	0	0	0	0	0	0	0	0	1	0	0	0	0	1	0	0	0	0	0	0	0	0	5	0	0	0	0	0	0	0	0	0	0	0	0	0	0	0	2	0	0	0	0	0	0	0	3	0	0	0	7	0	0	8	14113	0	6	14146
23	0	0	0	10	0	0	0	3	0	1	0	3	0	0	5	14116	0	0	0	0	0	0	0	0	0	0	0	0	1	0	0	5	0	0	0	0	0	0	0	0	0	0	0	0	0	0	0	0	0	0	0	0	0	0	0	0	0	0	0	0	0	0	0	2	14146
24	0	0	0	0	0	1	0	0	0	1	0	0	7	0	0	0	18	0	0	0	8	0	0	0	7	0	0	0	14083	4	2	1	0	0	0	0	0	0	0	0	0	0	0	0	0	0	0	0	0	0	0	0	0	0	0	0	0	0	0	0	14	0	0	0	14146
25	0	4	0	0	0	2	0	0	18	14097	9	8	0	3	0	0	0	0	0	0	0	0	0	0	0	2	0	0	0	0	0	0	0	0	0	0	0	0	0	0	0	2	0	0	0	0	0	0	0	0	0	0	0	0	0	0	0	0	0	0	0	0	0	0	14145
26	0	22	0	0	4	14079	0	9	0	3	0	0	0	13	0	0	0	0	0	0	0	13	0	0	0	0	0	0	0	0	0	0	0	0	0	0	0	0	0	0	0	0	0	0	0	1	0	0	0	0	0	0	0	0	0	0	0	0	0	0	0	0	0	0	14144
27	0	0	0	0	0	0	0	0	0	0	0	0	0	0	0	0	0	0	0	0	0	0	0	0	0	0	0	0	0	0	0	0	0	0	0	0	0	0	0	0	0	0	0	0	0	0	0	0	0	0	0	0	0	0	0	0	0	0	0	0	0	0	0	0	0
28	0	0	0	0	0	0	0	0	0	0	0	0	0	0	0	0	0	0	0	0	0	0	0	0	0	0	0	0	0	0	0	0	0	0	0	0	0	0	0	0	0	0	0	0	0	0	0	0	0	0	0	0	0	0	0	0	0	0	0	0	0	0	0	0	0
