	AAA	AAG	AAC	AAT	AGA	AGG	AGC	AGT	ACA	ACG	ACC	ACT	ATA	ATG	ATC	ATT	GAA	GAG	GAC	GAT	GGA	GGG	GGC	GGT	GCA	GCG	GCC	GCT	GTA	GTG	GTC	GTT	CAA	CAG	CAC	CAT	CGA	CGG	CGC	CGT	CCA	CCG	CCC	CCT	CTA	CTG	CTC	CTT	TAA	TAG	TAC	TAT	TGA	TGG	TGC	TGT	TCA	TCG	TCC	TCT	TTA	TTG	TTC	TTT	SUM
0	0	0	0	0	0	0	0	0	30	0	0	0	0	0	0	0	70	0	0	0	6	0	0	0	125478	16	19	12	26	0	0	0	0	0	0	0	0	0	0	0	1	0	1	0	0	0	0	0	0	0	0	0	0	0	0	0	77	0	3	0	0	0	0	0	125739
1	0	0	0	0	0	0	0	0	0	0	0	0	0	0	0	54	0	0	0	0	0	0	0	0	0	0	0	0	0	0	0	9	1	0	0	13	0	0	1	6	0	0	0	18	7	4	17	125589	0	0	0	0	0	0	0	0	0	0	0	0	0	0	0	20	125739
2	0	0	15	0	1	0	5	0	0	0	23	0	31	3	125599	39	0	0	0	0	0	0	0	0	0	0	0	0	0	0	9	0	0	0	0	0	0	0	0	0	0	0	0	0	0	0	8	0	0	0	0	0	0	0	0	0	0	0	0	0	0	0	6	0	125739
3	0	1	0	0	0	14	0	0	0	0	0	0	0	0	0	0	0	0	0	0	0	16	0	0	0	0	0	0	0	0	0	0	0	0	0	0	0	32	0	0	0	0	0	0	0	0	0	0	0	11	0	0	72	125190	1	240	0	3	0	0	0	150	0	9	125739
4	0	0	51	0	0	0	0	0	0	0	0	0	0	0	0	0	45	3	125318	177	0	0	63	0	1	0	10	0	0	0	4	0	0	0	2	0	0	0	0	0	0	0	0	0	0	0	0	0	0	0	59	0	0	0	0	0	0	0	4	0	0	0	0	0	125737
5	0	0	0	87	0	0	0	0	0	0	0	0	0	0	0	0	13	1	44	125530	0	0	0	12	0	0	0	19	0	0	0	9	0	0	0	0	0	0	0	0	0	0	0	0	0	0	0	0	0	0	0	22	0	0	0	0	0	0	0	0	0	0	0	0	125737
6	0	1	0	0	0	0	0	0	0	0	0	0	0	23	0	0	0	0	0	0	0	0	0	0	0	0	0	0	0	2	0	0	0	12	0	0	0	13	0	0	0	85	1	0	98	125435	4	17	0	0	0	0	0	0	0	0	0	0	0	0	0	46	0	0	125737
7	0	0	0	0	0	15	1	0	0	0	0	0	0	0	0	0	0	0	0	0	0	3	1	1	0	0	0	0	0	0	0	0	0	70	0	0	37	125371	6	10	0	7	0	1	1	9	0	4	0	0	0	0	0	199	0	0	0	0	0	0	0	0	0	0	125736
8	0	0	78	0	34	6	125388	144	0	0	3	0	0	0	12	0	0	0	0	0	0	2	29	0	0	0	0	0	0	0	0	0	0	0	0	0	0	1	26	1	0	0	0	0	0	0	4	0	0	0	0	0	0	0	8	0	0	0	0	0	0	0	0	0	125736
9	0	0	0	0	0	0	0	0	0	0	0	0	0	84	0	0	0	0	0	0	0	0	0	0	0	0	0	0	0	11	0	0	0	90	0	0	0	62	0	3	0	182	0	0	119	125050	3	77	0	0	0	0	0	0	1	0	0	0	0	0	0	54	0	0	125736
10	0	0	0	0	2	0	30	1	0	0	0	0	0	0	0	0	0	0	0	0	0	0	89	0	0	0	1	0	0	0	4	0	0	0	0	0	0	0	63	0	0	0	0	0	0	0	1	0	0	0	177	0	28	10	124944	302	0	0	11	0	0	0	73	0	125736
11	0	0	0	0	0	0	1	0	0	0	0	0	0	0	27	0	0	0	0	0	0	0	0	0	0	0	0	0	0	0	4	0	0	0	14	1	0	0	17	0	0	0	110	1	7	26	125456	52	0	0	0	0	0	0	0	0	0	0	0	0	0	0	20	0	125736
12	0	0	0	0	0	0	1	0	0	0	2	0	0	0	411	0	0	0	0	0	0	0	0	0	0	0	0	0	0	0	15	0	0	0	0	0	0	0	0	0	0	0	0	0	0	0	68	0	0	0	71	0	1	0	13	0	0	0	49	0	22	23	125012	48	125736
13	1	0	130	1	43	18	125293	53	1	0	12	0	0	1	43	1	0	0	0	0	0	0	78	0	0	0	0	0	1	0	1	0	0	0	0	0	0	0	26	0	0	0	1	0	0	0	0	0	0	0	1	0	0	0	27	0	0	0	0	0	0	1	3	0	125736
14	0	0	11	0	0	0	0	0	0	0	0	0	0	0	0	1	0	0	18	0	0	0	0	0	0	0	0	0	0	0	1	0	0	0	72	0	0	0	18	0	0	0	2	0	0	0	0	0	40	2	125377	16	0	0	31	0	1	0	43	0	3	0	99	1	125736
15	2	1	72	1	0	0	0	0	0	0	6	1	0	0	1	0	1	4	10	1	1	0	2	0	1	0	1	0	1	0	0	0	71	8	125108	85	0	0	58	0	4	3	241	0	1	2	17	0	0	0	30	0	0	0	1	0	0	0	0	0	0	1	0	0	125736
16	845	2372	1647	575	512	769	718	1746	1605	2138	1403	1906	473	4163	344	661	1225	2502	278	695	1900	4183	962	584	1311	5572	2782	2346	1457	2675	2264	1938	773	3274	2108	2350	3715	9045	12423	3026	205	333	303	189	1323	2251	1554	1735	32	41	4620	3581	36	4631	1075	2240	1268	1656	1379	796	1222	1852	1239	910	125736
17	0	0	0	0	2	1	0	0	0	0	0	0	0	36	0	0	0	4	1	0	0	0	0	0	0	0	0	1	0	138	0	2	0	1	0	0	0	0	0	0	0	0	0	0	0	65	1	3	0	11	0	0	3	50	0	5	0	45	0	2	27	125230	4	104	125736
18	74	2	0	0	125162	92	27	19	1	0	0	0	30	0	1	0	2	1	2	0	252	6	1	0	0	0	0	0	3	0	0	0	1	0	0	0	10	0	1	0	0	0	0	0	0	0	0	0	2	0	0	0	43	0	0	1	1	0	0	0	0	1	0	0	125735
19	0	0	71	0	0	0	6	0	0	0	1	1	0	0	0	0	35	7	125267	41	1	1	170	2	0	0	41	0	0	0	45	1	0	0	4	0	0	0	0	0	0	0	1	0	0	0	1	0	0	0	32	0	0	0	3	0	0	0	1	0	3	0	0	0	125735
20	0	0	0	0	0	0	0	0	1	0	0	0	40	2	0	1	1	0	0	0	0	1	0	0	0	0	0	0	45	0	0	1	0	0	0	1	1	0	0	0	0	0	1	0	138	0	4	5	24	0	6	0	24	0	2	1	55	0	1	0	125014	81	65	220	125735
21	0	0	0	0	0	1	1	0	0	1	2	0	0	1	36	2	0	0	0	0	0	0	1	0	0	0	0	0	0	0	4	0	1	0	21	1	2	0	18	0	0	1	102	2	33	13	125352	71	0	0	0	0	0	1	0	0	0	0	1	1	0	3	60	3	125735
22	0	0	0	0	0	0	0	0	0	0	0	0	0	17	0	3	0	0	0	0	0	1	0	0	0	0	0	0	1	24	0	0	0	0	0	0	0	0	0	0	0	0	0	0	0	129	0	0	1	12	0	1	1	18	1	1	0	23	1	0	89	125287	1	124	125735
23	0	0	0	73	0	1	0	33	0	1	0	36	16	41	54	125332	0	0	0	3	1	0	0	0	0	0	0	0	2	0	0	67	0	0	0	0	0	0	0	1	0	0	0	0	0	0	0	12	0	0	0	1	0	0	0	2	0	0	0	0	1	1	0	57	125735
24	2	1	0	0	0	1	0	0	5	3	0	0	72	0	0	0	95	0	0	1	61	0	0	1	63	0	0	0	124492	64	14	35	0	0	0	0	0	0	0	0	0	0	0	0	2	0	0	0	3	0	0	0	2	0	0	0	0	0	0	0	812	1	1	4	125735
25	0	45	0	0	0	12	0	0	134	125400	38	16	0	24	0	0	0	2	0	0	0	0	0	0	0	23	0	0	0	0	0	0	0	1	0	0	0	2	0	0	0	18	0	1	0	0	0	0	0	1	0	0	0	0	0	0	0	14	0	0	0	0	0	0	125731
26	1	192	0	0	45	125218	2	40	0	11	0	0	0	88	0	3	0	6	0	0	0	96	0	1	0	0	0	0	0	1	0	0	0	0	0	0	0	12	0	0	0	0	0	0	0	0	0	0	0	1	0	0	0	11	0	0	0	0	0	0	0	0	0	0	125728
27	0	0	0	0	0	0	0	0	0	0	0	0	0	0	0	0	0	0	0	0	0	0	0	0	0	0	0	0	0	0	0	0	0	0	0	0	0	0	0	0	0	0	0	0	0	0	0	0	0	0	0	0	0	0	0	0	0	0	0	0	0	0	0	0	0
28	0	0	0	0	0	0	0	0	0	0	0	0	0	0	0	0	0	0	0	0	0	0	0	0	0	0	0	0	0	0	0	0	0	0	0	0	0	0	0	0	0	0	0	0	0	0	0	0	0	0	0	0	0	0	0	0	0	0	0	0	0	0	0	0	0
