	AAA	AAG	AAC	AAT	AGA	AGG	AGC	AGT	ACA	ACG	ACC	ACT	ATA	ATG	ATC	ATT	GAA	GAG	GAC	GAT	GGA	GGG	GGC	GGT	GCA	GCG	GCC	GCT	GTA	GTG	GTC	GTT	CAA	CAG	CAC	CAT	CGA	CGG	CGC	CGT	CCA	CCG	CCC	CCT	CTA	CTG	CTC	CTT	TAA	TAG	TAC	TAT	TGA	TGG	TGC	TGT	TCA	TCG	TCC	TCT	TTA	TTG	TTC	TTT	SUM
0	0	0	0	0	0	0	0	0	14	0	0	0	0	0	0	0	51	0	0	0	1	0	0	0	87975	11	10	6	24	0	0	0	0	0	0	0	0	0	0	0	2	0	0	0	0	0	0	0	0	0	0	0	0	0	0	0	40	0	0	0	0	0	0	0	88134
1	0	0	0	1	0	0	0	0	0	0	0	0	0	0	0	33	1	0	0	0	0	0	0	0	0	0	0	0	0	0	0	5	0	0	0	8	0	0	0	1	0	0	0	13	5	3	15	88032	0	0	0	0	0	0	0	0	0	0	0	0	0	0	0	17	88134
2	1	0	4	0	0	0	2	0	0	0	11	0	18	2	88056	23	0	0	0	0	0	0	0	0	0	0	0	0	0	0	8	0	0	0	0	0	0	0	0	0	0	0	0	0	0	0	6	0	0	0	0	0	0	0	0	0	0	0	0	0	0	0	3	0	88134
3	0	0	0	0	0	9	0	0	0	0	0	0	0	0	0	0	0	0	0	0	0	8	0	0	0	0	0	0	0	0	0	0	0	0	0	0	0	14	0	0	0	0	0	0	0	0	0	0	0	12	0	0	16	87884	0	87	0	2	1	0	0	98	0	3	88134
4	0	0	26	0	0	0	0	0	0	0	0	0	0	0	0	0	32	2	87848	104	0	0	58	0	0	0	10	0	0	0	4	0	0	0	1	0	0	0	0	0	0	0	0	0	0	0	0	0	0	0	48	0	0	0	0	0	0	0	0	0	0	0	0	0	88133
5	0	0	0	38	0	0	0	0	0	0	0	0	0	0	1	0	14	9	30	88000	0	0	0	9	0	0	0	13	0	0	0	10	0	0	0	1	0	0	0	0	0	0	0	0	0	0	0	0	0	0	0	6	0	0	0	0	0	0	0	2	0	0	0	0	88133
6	0	0	1	0	0	0	0	0	0	0	0	0	0	14	0	0	0	0	0	0	0	0	0	0	0	0	0	0	0	1	0	0	1	27	0	0	0	11	0	0	0	57	0	0	68	87908	3	12	0	0	0	0	0	0	0	0	0	0	0	0	0	30	0	0	88133
7	0	0	0	0	0	11	0	0	0	0	0	0	0	0	0	0	0	0	0	0	1	4	0	0	0	0	0	0	0	0	0	0	1	48	0	0	26	87868	3	6	0	2	0	2	0	11	0	1	0	0	0	0	0	149	0	0	0	0	0	0	0	0	0	0	88133
8	0	0	37	0	22	10	87882	122	0	0	2	0	0	0	18	0	0	0	0	0	0	0	21	0	0	0	0	0	0	0	0	0	0	0	0	0	0	0	14	0	0	0	0	0	0	0	0	0	0	0	0	0	0	0	5	0	0	0	0	0	0	0	0	0	88133
9	0	0	0	0	0	0	0	0	0	1	0	0	0	38	1	0	0	0	0	0	0	0	0	0	0	0	0	0	0	10	0	0	0	64	0	0	0	38	0	0	0	126	0	0	73	87640	4	72	0	0	0	0	0	1	0	0	0	0	0	0	1	64	0	0	88133
10	0	0	0	0	0	0	18	0	0	0	0	0	0	0	0	0	0	0	0	0	0	0	77	0	0	0	0	0	0	0	3	0	0	0	0	0	0	0	48	0	0	0	0	0	0	0	1	0	0	0	105	0	15	16	87641	160	0	0	3	0	1	1	44	0	88133
11	0	0	0	0	0	0	0	0	0	0	0	0	0	0	12	0	1	0	1	0	0	0	0	0	0	0	0	0	0	0	1	0	0	0	7	0	0	0	17	0	0	0	61	0	7	2	87947	58	0	0	0	0	0	0	0	0	0	0	0	0	0	0	19	0	88133
12	0	0	0	0	0	0	1	0	0	0	0	0	0	0	563	0	0	0	0	0	0	0	0	0	0	0	0	0	0	0	8	0	0	0	0	0	0	0	0	0	0	0	1	0	0	0	34	0	0	0	5	0	0	0	11	0	0	0	32	0	25	15	87401	37	88133
13	0	1	76	0	30	12	87855	31	0	0	4	0	2	0	36	0	0	0	0	0	0	0	51	1	0	0	0	0	0	0	0	0	0	0	1	0	0	1	18	1	0	0	1	0	0	0	1	0	0	0	0	0	0	0	11	0	0	0	0	0	0	0	0	0	88133
14	0	0	2	0	0	0	0	0	0	0	0	0	0	0	0	0	2	0	8	0	0	0	0	0	0	0	0	0	0	0	0	0	0	0	45	1	0	0	0	0	0	0	0	0	0	0	0	0	22	2	87925	18	0	1	20	0	0	0	17	0	2	2	63	2	88132
15	0	2	35	0	2	0	0	0	0	0	1	0	0	0	1	1	0	2	3	0	0	0	0	0	0	0	0	0	0	0	0	0	129	5	87669	43	0	0	25	0	1	0	173	0	0	0	13	0	0	0	25	1	0	0	0	0	0	0	0	0	0	1	0	0	88132
16	540	1536	1362	500	464	472	501	1453	1001	1442	1245	1283	368	1761	394	990	675	1921	231	348	1871	3390	1101	458	977	2539	2030	1567	808	2114	1544	1028	528	1968	1002	1459	2825	5374	9049	2544	99	198	235	65	516	1881	1189	2228	14	60	3056	3153	26	3982	687	1449	1164	957	437	826	674	1230	862	481	88132
17	0	0	0	0	0	0	0	0	0	2	1	0	0	17	0	0	0	1	1	0	0	0	0	0	0	0	0	0	0	79	0	1	0	0	0	0	0	0	0	0	0	0	0	0	0	26	0	2	0	7	0	0	0	40	1	4	0	36	0	1	21	87788	4	100	88132
18	34	3	0	0	87699	53	23	13	4	0	0	0	18	0	0	0	6	0	0	0	219	6	0	0	0	0	0	0	2	0	0	0	0	0	0	0	8	0	3	0	0	0	1	0	2	0	1	0	0	0	0	0	33	0	0	1	1	0	0	0	0	0	0	1	88131
19	0	0	58	0	1	0	4	0	0	0	0	0	0	0	0	0	37	8	87779	31	0	0	115	0	0	0	26	0	1	0	31	2	0	0	4	0	0	0	0	0	0	0	0	0	0	0	1	0	1	0	21	1	0	0	4	0	0	0	1	0	0	1	0	2	88129
20	1	0	0	0	0	0	0	0	0	0	0	0	31	0	3	4	1	0	0	0	0	0	0	0	0	0	0	0	31	0	0	1	0	0	0	0	0	0	0	0	0	0	0	0	79	0	3	3	15	0	1	0	22	0	2	1	37	0	1	0	87668	40	31	153	88128
21	0	0	0	0	0	0	1	0	0	0	0	0	0	1	22	2	0	0	0	0	0	0	0	0	0	0	0	0	1	0	4	0	0	0	7	0	0	0	20	0	0	0	81	2	12	8	87885	41	0	0	0	0	0	1	0	0	0	0	0	0	0	3	35	2	88128
22	0	0	0	0	0	0	0	0	0	2	0	0	0	7	0	2	0	0	0	0	0	0	0	0	0	0	0	0	1	17	0	0	0	0	0	0	0	0	0	0	0	0	0	0	0	93	0	0	1	5	0	0	1	19	0	0	0	21	0	0	55	87813	4	87	88128
23	0	0	0	39	2	2	0	20	0	1	0	31	5	25	36	87859	0	0	0	1	0	0	0	0	0	0	0	0	4	0	0	58	0	0	0	0	0	0	0	1	0	0	0	0	0	0	0	11	0	0	0	0	0	0	0	0	0	0	0	0	0	5	0	27	88127
24	0	0	0	0	1	1	0	0	0	3	0	0	39	0	0	0	61	0	0	0	44	0	0	2	48	0	0	0	87341	38	12	19	0	0	0	0	0	0	0	0	0	0	0	0	3	0	0	0	0	0	0	0	3	0	0	1	0	0	0	0	507	0	1	1	88125
25	1	33	2	0	1	10	0	0	83	87874	22	10	0	40	0	0	0	0	0	0	0	1	0	0	0	15	0	0	0	0	0	0	0	0	0	0	1	1	0	0	0	19	0	1	0	0	0	0	0	0	0	0	0	0	0	0	0	10	0	0	0	0	0	0	88124
26	1	158	0	1	25	87712	2	43	0	9	0	0	1	56	0	1	0	4	0	0	1	95	0	0	0	0	0	0	0	1	0	0	0	1	0	0	0	1	0	1	0	0	0	0	0	0	0	0	0	0	0	0	0	6	0	0	0	0	0	0	0	1	0	0	88120
27	0	0	0	0	0	0	0	0	0	0	0	0	0	0	0	0	0	0	0	0	0	0	0	0	0	0	0	0	0	0	0	0	0	0	0	0	0	0	0	0	0	0	0	0	0	0	0	0	0	0	0	0	0	0	0	0	0	0	0	0	0	0	0	0	0
28	0	0	0	0	0	0	0	0	0	0	0	0	0	0	0	0	0	0	0	0	0	0	0	0	0	0	0	0	0	0	0	0	0	0	0	0	0	0	0	0	0	0	0	0	0	0	0	0	0	0	0	0	0	0	0	0	0	0	0	0	0	0	0	0	0
