	AAA	AAG	AAC	AAT	AGA	AGG	AGC	AGT	ACA	ACG	ACC	ACT	ATA	ATG	ATC	ATT	GAA	GAG	GAC	GAT	GGA	GGG	GGC	GGT	GCA	GCG	GCC	GCT	GTA	GTG	GTC	GTT	CAA	CAG	CAC	CAT	CGA	CGG	CGC	CGT	CCA	CCG	CCC	CCT	CTA	CTG	CTC	CTT	TAA	TAG	TAC	TAT	TGA	TGG	TGC	TGT	TCA	TCG	TCC	TCT	TTA	TTG	TTC	TTT	SUM
0	0	0	0	0	0	0	0	0	6	0	0	0	0	0	0	0	26	0	0	0	1	0	0	0	58895	5	5	5	15	0	0	0	0	0	0	0	0	0	0	0	1	0	0	0	0	0	0	0	0	0	0	0	0	0	0	0	33	0	0	0	0	0	0	0	58992
1	0	0	0	0	0	0	0	0	0	0	0	0	0	0	0	16	0	0	0	0	0	0	0	0	0	0	0	0	0	0	0	1	0	0	0	8	0	0	0	0	0	0	0	8	3	1	7	58941	0	0	0	0	0	0	0	0	0	0	0	0	0	0	0	7	58992
2	1	0	3	0	0	0	0	0	0	0	8	0	17	1	58926	22	0	0	0	0	0	0	0	0	0	0	0	0	0	0	5	0	0	0	0	0	0	0	0	0	0	0	0	0	0	0	7	0	0	0	0	0	0	0	0	0	0	0	0	0	0	0	2	0	58992
3	0	0	0	0	0	4	0	0	0	0	0	0	0	0	0	0	0	0	0	0	0	2	0	0	0	0	0	0	0	0	0	0	0	0	0	0	0	17	0	0	0	0	0	0	0	0	0	0	0	8	0	0	12	58807	27	54	0	2	0	0	0	54	1	4	58992
4	0	0	20	0	0	0	0	0	0	0	0	0	0	0	0	0	18	7	58552	335	0	0	18	0	1	0	8	0	0	0	2	0	0	0	1	1	0	0	0	0	0	0	0	0	0	0	0	0	0	0	28	0	0	0	0	0	0	0	0	0	0	0	0	0	58991
5	0	0	0	48	0	0	0	0	0	0	0	0	0	0	0	0	5	1	36	58865	0	0	0	8	0	0	0	9	0	0	0	10	0	0	0	1	0	0	0	0	0	0	0	0	0	0	0	0	0	0	0	7	0	0	0	0	0	0	0	1	0	0	0	0	58991
6	0	0	0	0	0	0	0	0	0	0	0	0	0	40	0	0	0	0	0	0	0	0	0	0	0	0	0	0	0	0	0	0	0	7	0	0	0	4	0	0	0	38	0	1	59	58815	3	8	0	0	0	0	0	0	0	0	0	0	0	0	0	16	0	0	58991
7	0	0	0	0	0	5	1	0	0	0	0	0	0	0	0	0	0	0	0	0	0	5	0	0	0	0	0	0	0	0	0	0	0	33	0	0	70	58683	1	8	0	18	0	0	0	38	0	3	0	0	0	0	0	126	0	0	0	0	0	0	0	0	0	0	58991
8	0	0	34	0	17	5	58801	65	0	0	2	0	0	0	34	0	0	0	0	0	0	0	17	0	0	0	0	0	0	0	0	0	0	0	0	0	0	0	13	0	0	0	0	0	0	0	0	0	0	0	0	0	0	0	3	0	0	0	0	0	0	0	0	0	58991
9	0	0	0	0	0	0	0	0	0	0	0	0	0	73	0	0	0	0	0	0	0	0	0	0	0	0	0	0	0	6	0	0	0	40	0	0	0	31	0	1	0	94	1	0	44	58600	2	52	0	0	0	0	0	0	0	0	0	0	0	0	0	47	0	0	58991
10	0	0	0	0	0	0	12	0	0	0	0	0	0	0	0	0	0	0	0	0	0	1	46	0	0	0	0	0	0	0	2	0	0	0	1	0	0	0	31	0	0	0	0	0	0	1	0	0	0	0	91	0	15	6	58622	127	0	0	1	0	1	0	33	1	58991
11	1	0	1	0	0	0	0	0	0	0	0	0	0	0	22	0	0	0	0	0	0	0	0	0	0	0	0	0	0	0	26	0	0	0	9	0	0	0	10	1	0	0	72	0	14	1	58776	28	0	0	0	0	0	0	1	0	0	0	0	0	0	0	29	0	58991
12	0	0	0	0	0	0	3	0	0	0	0	0	0	0	12	0	0	0	0	0	0	0	0	0	0	0	0	0	0	0	3	0	0	0	0	0	0	0	0	0	0	0	0	0	0	0	28	0	0	0	20	0	0	0	6	1	0	0	32	0	15	4	58845	22	58991
13	0	0	48	0	21	11	58335	29	0	0	4	0	0	43	22	0	0	0	0	0	0	66	37	8	0	0	0	0	0	0	2	0	0	0	1	0	0	1	12	2	0	1	0	0	0	1	0	0	0	0	3	0	0	25	18	0	154	0	33	0	0	113	1	0	58991
14	0	0	5	0	1	0	0	0	0	0	0	0	0	0	0	0	0	0	3	0	0	0	0	0	0	0	0	0	0	0	0	0	0	0	32	0	0	0	0	0	1	0	1	0	0	0	0	0	17	1	58795	40	0	1	19	0	0	0	23	0	1	0	51	0	58991
15	0	0	46	0	0	0	0	0	0	0	0	0	0	0	1	0	0	0	18	0	0	0	1	0	0	0	0	0	0	0	0	0	38	2	58730	22	0	1	22	1	0	0	82	0	1	0	8	0	0	0	18	0	0	0	0	0	0	0	0	0	0	0	0	0	58991
16	0	1	0	0	2	0	18	0	0	0	0	0	0	0	0	0	0	0	0	0	0	0	7	0	0	0	0	0	0	0	0	0	0	0	148	1	20	20	58618	32	1	2	54	0	0	1	26	3	0	0	0	0	0	0	29	1	0	0	1	0	0	4	2	0	58991
17	0	0	0	0	2	0	0	0	0	0	0	0	0	16	1	0	0	0	0	0	2	1	0	0	0	0	0	0	0	30	1	0	0	0	0	0	0	0	0	0	0	0	0	0	0	36	1	3	0	6	0	0	0	21	0	0	0	18	0	0	20	58790	3	39	58990
18	18	0	1	0	58694	39	9	10	39	0	0	0	12	2	0	0	1	0	3	0	117	1	1	0	0	0	0	0	0	0	0	0	0	0	0	0	23	0	1	1	0	0	0	0	0	0	0	0	0	0	0	0	15	0	0	0	0	0	0	0	0	1	0	0	58988
19	0	0	45	0	0	0	1	0	0	0	1	0	0	0	0	1	12	6	58801	23	0	0	54	1	0	0	13	0	0	0	9	0	0	0	6	0	0	0	0	0	0	0	0	0	1	0	0	0	0	0	9	0	0	0	1	0	0	0	0	0	0	0	1	1	58986
20	425	156	715	338	239	62	427	291	236	97	1021	376	1488	253	1807	1093	676	501	1350	572	758	672	1257	1452	513	1054	1878	1229	1223	1859	917	1194	1337	203	1617	1355	341	185	615	389	156	125	238	111	2655	1352	1976	2378	22	34	1599	1443	33	312	1014	1544	684	639	966	970	2796	1318	1791	2659	58986
21	1	0	0	0	0	0	1	0	1	0	1	0	0	0	49	0	0	0	1	0	0	0	1	0	0	0	1	0	0	0	8	0	0	0	7	0	0	1	26	0	0	0	60	2	9	9	58714	47	0	0	0	0	0	0	0	0	0	0	3	0	0	5	38	0	58985
22	0	0	0	0	0	2	0	0	0	0	0	0	0	1	0	3	0	0	0	0	0	1	0	0	0	0	0	0	1	8	1	1	0	0	0	0	0	0	0	0	0	0	0	0	0	12	0	0	1	3	0	2	0	9	0	0	0	8	0	0	13	58885	3	31	58985
23	0	0	0	29	0	0	0	7	0	1	0	20	4	17	17	58826	0	0	0	0	0	0	0	1	0	0	0	0	4	0	0	38	0	0	0	0	0	0	0	0	0	0	0	0	0	0	0	3	0	0	0	2	0	0	0	1	0	0	0	0	0	1	1	12	58984
24	0	0	0	0	0	1	0	0	0	5	0	0	26	0	0	0	40	0	0	0	19	0	0	0	19	0	0	0	58800	9	1	14	0	0	0	0	0	0	0	0	0	0	0	0	0	0	0	0	3	0	0	0	0	0	0	0	0	0	0	0	45	2	0	0	58984
25	0	22	0	0	1	9	0	0	82	58794	28	7	0	16	0	0	0	0	0	0	0	0	0	0	0	3	0	0	0	0	0	0	1	0	0	0	0	1	0	0	0	10	0	0	0	0	0	0	0	1	0	0	0	0	0	0	0	8	0	0	0	0	0	0	58983
26	0	104	0	2	33	58732	4	20	0	4	0	0	0	26	0	1	0	4	0	0	0	33	0	0	0	0	0	0	0	0	0	0	0	0	0	0	0	7	0	0	0	0	0	0	0	0	0	0	0	0	0	0	0	4	0	0	0	0	0	0	0	0	0	0	58974
27	0	0	0	0	0	0	0	0	0	0	0	0	0	0	0	0	0	0	0	0	0	0	0	0	0	0	0	0	0	0	0	0	0	0	0	0	0	0	0	0	0	0	0	0	0	0	0	0	0	0	0	0	0	0	0	0	0	0	0	0	0	0	0	0	0
28	0	0	0	0	0	0	0	0	0	0	0	0	0	0	0	0	0	0	0	0	0	0	0	0	0	0	0	0	0	0	0	0	0	0	0	0	0	0	0	0	0	0	0	0	0	0	0	0	0	0	0	0	0	0	0	0	0	0	0	0	0	0	0	0	0
