	AAA	AAG	AAC	AAT	AGA	AGG	AGC	AGT	ACA	ACG	ACC	ACT	ATA	ATG	ATC	ATT	GAA	GAG	GAC	GAT	GGA	GGG	GGC	GGT	GCA	GCG	GCC	GCT	GTA	GTG	GTC	GTT	CAA	CAG	CAC	CAT	CGA	CGG	CGC	CGT	CCA	CCG	CCC	CCT	CTA	CTG	CTC	CTT	TAA	TAG	TAC	TAT	TGA	TGG	TGC	TGT	TCA	TCG	TCC	TCT	TTA	TTG	TTC	TTT	SUM
0	0	0	0	0	0	0	0	0	1	0	0	0	0	0	0	0	5	0	0	0	0	0	0	0	14949	1	0	0	3	0	0	0	0	0	0	0	0	0	0	0	3	0	0	0	0	0	0	0	0	0	0	0	0	0	0	0	11	0	0	0	0	0	0	0	14973
1	0	0	0	0	0	0	0	0	0	0	0	0	0	0	0	2	0	0	0	0	0	0	0	0	0	0	0	0	0	0	0	0	0	0	0	4	0	0	0	2	0	0	0	1	1	0	2	14960	0	0	0	0	0	0	0	0	0	0	0	0	0	0	0	1	14973
2	0	0	1	0	0	0	0	0	0	0	0	0	0	0	14969	1	0	0	0	0	0	0	0	0	0	0	0	0	0	0	2	0	0	0	0	0	0	0	0	0	0	0	0	0	0	0	0	0	0	0	0	0	0	0	0	0	0	0	0	0	0	0	0	0	14973
3	0	0	0	0	0	3	0	0	0	0	0	0	0	0	0	0	0	0	0	0	0	1	0	0	0	0	0	0	0	0	0	0	0	0	0	0	0	3	0	0	0	0	0	0	0	0	0	0	0	1	0	0	6	14939	1	8	0	0	0	0	0	11	0	0	14973
4	0	0	10	0	0	0	0	0	0	0	0	0	0	0	0	0	5	1	14888	57	0	0	3	0	0	0	0	0	0	0	0	0	0	0	0	0	0	0	0	0	0	0	0	0	0	0	0	0	0	0	9	0	0	0	0	0	0	0	0	0	0	0	0	0	14973
5	0	0	0	7	0	0	0	0	0	0	0	0	0	0	0	0	0	0	4	14954	0	0	0	1	0	0	0	2	0	0	0	3	0	0	0	0	0	0	0	0	0	0	0	0	0	0	0	0	0	0	0	2	0	0	0	0	0	0	0	0	0	0	0	0	14973
6	0	0	0	0	0	0	0	0	0	0	0	0	0	9	0	0	0	0	0	0	0	0	0	0	0	0	0	0	0	0	0	0	0	2	0	0	0	1	0	0	0	10	0	0	8	14935	1	4	0	0	0	0	0	0	0	0	0	0	0	0	0	3	0	0	14973
7	0	0	0	0	0	2	0	0	0	0	0	0	0	0	0	0	0	0	0	0	0	1	1	0	0	0	0	0	0	0	0	0	0	5	0	0	7	14899	0	0	0	0	0	0	0	7	0	0	0	0	0	0	0	51	0	0	0	0	0	0	0	0	0	0	14973
8	0	0	21	0	1	1	14926	12	0	0	3	0	0	0	0	0	0	0	0	0	0	0	5	0	0	0	0	0	0	0	1	0	0	0	0	0	0	0	1	0	0	0	0	0	0	1	0	0	0	0	0	0	0	0	1	0	0	0	0	0	0	0	0	0	14973
9	0	0	0	0	0	0	0	0	0	0	0	0	0	7	0	0	0	0	0	0	0	0	0	0	0	0	0	0	0	0	0	0	0	15	0	0	0	6	0	0	0	23	0	0	11	14902	0	7	0	0	0	0	0	0	0	0	0	0	1	0	0	1	0	0	14973
10	0	0	0	0	0	0	2	0	0	0	0	0	0	0	0	0	0	0	0	0	0	0	12	0	0	0	0	0	0	0	1	0	0	0	0	0	0	0	14	0	0	0	0	0	0	0	1	0	0	0	15	0	0	2	14893	23	0	0	1	0	0	1	8	0	14973
11	0	0	0	0	0	0	0	0	0	0	0	0	0	0	75	0	0	0	0	0	0	0	0	0	0	0	0	0	0	0	0	0	0	0	2	0	0	0	1	0	0	0	3	0	1	2	14870	16	0	0	0	0	0	0	0	0	0	0	0	0	0	0	3	0	14973
12	0	0	0	0	0	0	0	0	0	0	0	0	0	0	1	0	0	0	0	0	0	0	0	1	0	0	0	0	0	0	1	0	0	0	0	0	0	0	0	0	0	0	0	0	0	0	7	0	0	0	3	0	0	0	2	0	0	0	5	0	5	0	14944	4	14973
13	0	0	15	0	5	1	14760	7	1	106	13	0	0	4	10	0	0	0	0	0	0	0	9	2	0	0	0	0	0	0	0	0	0	0	1	0	0	0	3	0	0	1	0	0	0	24	0	0	0	0	0	0	0	3	7	0	0	0	1	0	0	0	0	0	14973
14	1	0	1	0	0	0	0	0	0	0	0	0	0	0	0	0	0	0	1	0	0	0	0	0	0	0	0	0	0	0	0	0	0	0	8	0	0	0	1	0	0	0	0	0	0	0	0	0	2	0	14933	5	0	0	4	0	0	0	7	0	0	0	10	0	14973
15	1	0	8	0	0	0	0	0	0	0	0	0	0	0	0	0	0	0	1	0	0	0	0	0	0	0	0	0	0	0	0	0	4	0	14921	3	0	0	6	0	1	0	21	0	0	0	2	0	0	0	5	0	0	0	0	0	0	0	0	0	0	0	0	0	14973
16	0	0	0	0	1	0	3	0	0	0	0	0	0	0	0	0	0	0	0	0	0	0	1	0	0	0	0	0	0	0	0	0	0	0	28	0	3	9	14901	7	0	0	9	0	0	0	4	0	0	0	0	0	0	1	5	0	0	0	0	0	0	0	1	0	14973
17	0	0	0	0	1	0	0	0	0	0	0	0	0	0	0	1	0	0	0	0	0	0	0	0	0	0	0	0	0	7	0	0	0	0	0	0	0	0	0	0	0	0	0	0	0	8	0	0	0	2	0	0	0	5	0	1	0	7	0	0	11	14911	0	19	14973
18	7	0	0	0	14911	7	2	0	0	0	0	0	3	0	1	1	0	1	0	0	30	0	0	0	0	0	1	0	0	0	0	0	0	0	0	0	0	0	0	0	0	0	0	0	0	1	0	0	0	0	0	0	7	0	0	0	0	0	0	1	0	0	0	0	14973
19	0	0	11	0	0	0	0	0	0	0	0	0	0	0	0	0	7	13	14907	5	0	0	17	0	0	1	1	0	1	0	3	0	0	0	1	0	0	0	0	0	0	0	0	0	0	0	0	0	0	0	2	0	0	0	0	0	0	0	1	0	1	0	1	0	14972
20	0	0	0	1	0	0	1	0	0	0	0	0	3	0	0	0	0	0	0	0	0	0	0	0	0	1	0	0	3	0	0	0	0	0	0	0	0	0	0	0	0	0	0	0	10	0	2	0	1	0	2	0	2	0	0	0	8	0	0	0	14911	9	5	13	14972
21	23	28	188	72	32	43	278	101	645	99	406	79	300	912	192	262	62	47	5	14	114	283	121	146	269	136	297	155	93	162	186	118	246	273	304	161	38	45	244	65	16	11	18	6	1280	512	824	155	3	2	572	144	3	295	297	451	193	179	314	247	392	615	618	581	14972
22	0	1	0	0	0	1	0	0	0	1	0	0	0	5	0	1	0	0	0	0	0	0	0	0	0	0	0	0	0	21	0	0	0	0	0	0	0	0	0	0	0	0	0	0	0	11	0	0	0	4	0	0	0	4	0	0	0	3	0	0	7	14890	0	22	14971
23	0	0	0	15	0	1	0	7	0	0	0	2	1	7	1	14906	0	0	0	2	0	0	0	0	0	0	0	0	1	0	0	14	0	0	0	0	0	0	0	0	0	0	0	0	0	0	0	3	0	0	0	1	0	0	0	0	0	0	0	0	0	0	0	10	14971
24	0	0	0	0	0	0	0	0	0	0	0	0	5	0	0	0	8	0	0	0	7	0	0	0	6	0	0	0	14908	8	0	6	0	0	0	0	0	1	0	0	0	0	0	0	0	0	0	0	0	0	0	0	0	0	0	0	0	0	0	0	20	0	1	0	14970
25	0	3	0	0	0	3	0	0	38	14907	4	1	0	5	0	0	0	0	0	0	0	0	0	0	0	3	0	0	0	0	0	0	0	0	0	0	0	0	0	0	0	4	0	0	0	0	0	0	0	0	0	0	0	0	0	0	0	2	0	0	0	0	0	0	14970
26	0	26	0	1	6	14912	0	6	0	0	0	0	0	4	0	0	0	0	0	0	0	13	0	0	0	0	0	0	0	0	0	0	0	0	0	0	0	0	0	0	0	0	0	0	0	0	0	0	0	0	0	0	0	1	0	0	0	0	0	0	0	0	0	0	14969
27	0	0	0	0	0	0	0	0	0	0	0	0	0	0	0	0	0	0	0	0	0	0	0	0	0	0	0	0	0	0	0	0	0	0	0	0	0	0	0	0	0	0	0	0	0	0	0	0	0	0	0	0	0	0	0	0	0	0	0	0	0	0	0	0	0
28	0	0	0	0	0	0	0	0	0	0	0	0	0	0	0	0	0	0	0	0	0	0	0	0	0	0	0	0	0	0	0	0	0	0	0	0	0	0	0	0	0	0	0	0	0	0	0	0	0	0	0	0	0	0	0	0	0	0	0	0	0	0	0	0	0
