	AAA	AAG	AAC	AAT	AGA	AGG	AGC	AGT	ACA	ACG	ACC	ACT	ATA	ATG	ATC	ATT	GAA	GAG	GAC	GAT	GGA	GGG	GGC	GGT	GCA	GCG	GCC	GCT	GTA	GTG	GTC	GTT	CAA	CAG	CAC	CAT	CGA	CGG	CGC	CGT	CCA	CCG	CCC	CCT	CTA	CTG	CTC	CTT	TAA	TAG	TAC	TAT	TGA	TGG	TGC	TGT	TCA	TCG	TCC	TCT	TTA	TTG	TTC	TTT	SUM
0	0	0	0	0	0	0	0	0	7	0	0	0	0	0	0	0	16	0	0	0	2	0	0	0	47628	4	6	6	4	0	0	0	0	0	0	0	0	0	0	0	2	0	1	0	0	0	0	0	0	0	0	0	0	0	0	0	24	0	0	0	0	0	0	0	47700
1	0	0	0	0	0	0	0	0	0	0	0	0	0	0	0	17	0	0	0	0	0	0	0	0	0	0	0	0	0	0	0	0	0	0	0	4	0	0	0	0	0	0	0	4	4	2	4	47659	0	0	0	0	0	0	0	0	0	0	0	0	0	0	0	6	47700
2	0	0	3	0	0	0	0	0	0	0	4	0	15	0	47655	6	0	0	0	0	0	1	0	0	0	0	0	0	0	0	5	0	0	0	0	0	0	0	0	0	0	0	0	0	0	0	8	0	0	0	0	0	0	0	0	0	0	0	0	0	0	0	3	0	47700
3	0	1	0	0	1	2	0	0	0	0	0	0	0	0	0	0	0	0	0	0	0	3	0	0	0	0	0	0	0	0	0	0	0	0	0	0	0	15	0	0	0	0	0	0	0	0	0	0	0	3	0	0	22	47520	19	60	0	2	0	0	0	47	0	5	47700
4	1	0	19	0	0	0	0	0	0	0	0	0	0	0	0	0	13	2	47558	46	0	0	22	0	0	0	2	0	0	0	4	0	0	0	4	0	0	0	0	0	0	0	0	0	0	0	0	0	0	0	29	0	0	0	0	0	0	0	0	0	0	0	0	0	47700
5	0	0	0	37	0	0	0	0	0	0	0	0	0	0	0	0	9	5	29	47594	0	1	0	12	0	0	0	2	0	0	0	4	0	0	0	2	0	0	0	0	0	0	0	0	0	0	0	0	0	0	0	4	0	0	0	0	0	0	0	1	0	0	0	0	47700
6	0	0	0	0	0	0	0	0	0	0	0	0	0	29	0	0	0	0	0	0	0	0	0	0	0	0	0	0	0	1	0	0	0	4	0	0	0	0	0	0	0	59	0	0	31	47543	6	8	0	0	0	0	0	0	0	0	0	0	0	0	0	19	0	0	47700
7	0	3	0	0	0	4	0	0	0	0	0	0	0	0	0	0	0	0	0	0	0	1	0	0	0	0	0	0	0	0	0	0	3	29	0	0	68	47473	1	3	0	1	0	0	0	5	0	1	0	0	0	0	0	108	0	0	0	0	0	0	0	0	0	0	47700
8	1	0	68	0	89	4	47456	42	0	0	3	0	1	0	6	0	0	0	0	0	0	0	18	0	0	0	0	0	0	0	0	0	0	0	0	0	0	0	9	0	0	0	0	0	0	0	0	0	0	0	0	0	0	0	3	0	0	0	0	0	0	0	0	0	47700
9	0	0	0	0	0	0	0	0	0	0	0	0	0	37	0	0	0	0	0	0	0	0	0	0	0	0	0	0	0	2	0	0	0	47	0	0	0	18	0	0	1	63	0	0	46	47407	3	29	0	0	0	0	0	0	0	0	0	0	0	0	0	47	0	0	47700
10	0	0	1	0	0	1	11	0	0	0	0	0	0	0	0	0	0	0	0	0	1	0	33	0	0	0	0	0	0	0	1	0	0	0	0	0	0	0	28	0	0	0	0	0	0	0	1	0	0	0	63	2	6	7	47446	69	0	0	3	0	1	0	26	0	47700
11	0	0	0	0	0	0	1	0	0	0	0	0	0	0	191	0	0	0	0	0	0	0	0	0	0	0	0	0	0	0	4	0	0	0	9	0	0	0	4	0	0	0	36	0	6	1	47391	38	0	0	0	0	0	0	0	0	0	0	0	0	0	0	19	0	47700
12	1	0	1	0	0	0	0	0	0	0	0	0	0	0	4	0	0	0	0	0	0	0	1	0	0	0	0	0	0	0	3	0	0	0	1	0	0	0	1	0	0	0	0	0	0	0	45	0	0	0	10	0	0	0	4	0	0	0	10	0	8	4	47489	118	47700
13	131	186	304	237	49	23	1377	542	745	1097	1271	658	506	2286	973	695	203	235	39	60	1222	2649	679	591	465	1012	1867	1673	724	3829	752	785	294	400	949	592	77	174	171	64	185	386	553	281	968	769	1353	540	10	7	1262	1065	30	658	1821	1218	1033	931	1201	377	387	888	683	508	47700
14	0	0	6	0	1	0	0	0	0	0	0	0	0	0	0	0	0	0	36	0	0	0	0	0	0	0	0	0	0	0	2	0	1	0	37	0	0	0	0	0	0	0	1	0	0	0	2	0	18	2	47485	7	0	0	20	0	1	0	12	0	0	1	68	0	47700
15	2	0	167	0	1	0	0	0	0	0	1	0	0	0	0	0	0	0	3	0	0	0	0	0	0	0	1	0	0	0	0	0	28	562	46780	17	0	0	19	0	0	0	78	0	0	0	6	0	0	0	34	0	0	0	0	0	0	0	0	0	0	1	0	0	47700
16	0	0	1	0	1	0	9	0	0	0	1	0	0	0	0	1	0	0	1	0	0	1	1	0	0	0	2	0	0	0	0	0	0	0	71	0	4	20	47467	42	0	0	30	0	0	1	13	0	0	0	0	0	0	0	28	2	0	0	0	0	0	2	1	1	47700
17	0	0	0	0	1	0	0	0	0	0	0	0	0	12	0	0	0	0	0	0	1	0	0	0	0	0	0	0	1	12	0	0	0	0	0	0	0	0	0	0	0	0	0	0	0	32	1	1	0	4	0	0	1	15	0	1	0	18	0	0	19	47554	1	26	47700
18	17	0	0	0	47476	36	7	4	1	1	0	0	11	0	0	0	3	0	2	0	114	5	1	0	0	0	0	0	0	0	0	0	0	0	0	0	2	0	1	0	0	0	0	0	1	0	1	0	0	0	0	0	15	1	0	0	0	0	0	0	0	1	0	0	47700
19	0	0	31	0	0	1	1	0	0	0	0	0	0	0	1	1	18	3	47494	22	1	0	67	0	0	0	25	1	0	0	17	0	0	0	4	0	0	0	0	0	0	0	0	0	0	0	1	0	0	0	8	0	0	0	1	0	0	0	0	0	2	1	0	0	47700
20	0	0	0	0	0	0	0	0	0	0	0	0	21	1	1	2	0	0	0	0	0	0	0	0	0	0	0	0	14	0	0	0	0	0	0	0	0	0	0	0	1	0	0	0	46	1	2	5	7	1	1	0	12	0	0	0	12	0	0	0	47433	15	25	99	47699
21	0	0	1	1	0	0	3	0	0	1	0	0	1	0	14	0	0	0	0	0	0	0	0	0	0	0	0	0	1	0	3	0	0	0	6	0	0	2	18	0	0	0	58	0	9	6	47534	20	0	0	0	0	0	0	0	0	0	0	1	0	0	2	17	1	47699
22	0	0	0	0	10	1	0	0	0	1	0	0	0	4	0	2	0	0	0	0	0	0	0	0	0	0	0	0	0	7	0	0	0	0	0	0	0	0	0	0	0	0	0	0	0	26	1	0	1	2	0	0	0	6	0	0	0	4	0	0	4	47610	0	20	47699
23	0	0	0	32	0	1	0	4	0	0	0	14	4	12	22	47549	0	0	0	0	0	0	0	0	0	0	0	0	3	0	0	32	0	0	0	0	0	0	0	0	0	0	0	1	0	0	0	8	0	0	0	0	0	0	0	0	0	0	0	0	0	0	0	16	47698
24	0	0	0	0	0	1	0	0	0	3	0	0	22	0	0	0	10	0	0	0	21	0	0	0	16	0	0	0	47534	22	2	11	0	0	0	0	0	0	0	0	0	0	0	0	1	0	0	0	0	0	0	0	1	0	0	0	0	0	0	0	53	0	0	0	47697
25	0	31	0	0	0	6	0	0	32	47514	11	50	0	29	0	0	0	0	0	0	0	0	0	0	0	3	0	0	0	0	0	0	0	0	0	0	0	0	0	0	0	14	0	0	0	0	0	0	0	0	0	0	0	0	0	0	0	6	0	0	0	0	0	0	47696
26	0	98	0	1	14	47466	3	14	0	3	0	0	0	27	0	0	0	2	0	1	0	45	0	0	0	0	0	0	0	0	0	0	0	0	0	0	0	12	0	1	0	0	0	0	0	0	0	0	0	0	0	0	0	6	0	0	0	0	0	0	0	0	0	0	47693
27	0	0	0	0	0	0	0	0	0	0	0	0	0	0	0	0	0	0	0	0	0	0	0	0	0	0	0	0	0	0	0	0	0	0	0	0	0	0	0	0	0	0	0	0	0	0	0	0	0	0	0	0	0	0	0	0	0	0	0	0	0	0	0	0	0
28	0	0	0	0	0	0	0	0	0	0	0	0	0	0	0	0	0	0	0	0	0	0	0	0	0	0	0	0	0	0	0	0	0	0	0	0	0	0	0	0	0	0	0	0	0	0	0	0	0	0	0	0	0	0	0	0	0	0	0	0	0	0	0	0	0
