	AAA	AAG	AAC	AAT	AGA	AGG	AGC	AGT	ACA	ACG	ACC	ACT	ATA	ATG	ATC	ATT	GAA	GAG	GAC	GAT	GGA	GGG	GGC	GGT	GCA	GCG	GCC	GCT	GTA	GTG	GTC	GTT	CAA	CAG	CAC	CAT	CGA	CGG	CGC	CGT	CCA	CCG	CCC	CCT	CTA	CTG	CTC	CTT	TAA	TAG	TAC	TAT	TGA	TGG	TGC	TGT	TCA	TCG	TCC	TCT	TTA	TTG	TTC	TTT	SUM
0	0	0	0	0	0	0	0	0	3	0	0	0	0	0	0	0	6	0	0	0	0	0	0	0	22357	2	4	1	3	0	0	0	0	0	0	0	0	0	0	0	0	0	0	0	0	0	0	0	0	0	0	0	0	0	0	0	13	0	0	0	0	0	0	0	22389
1	0	0	0	0	0	0	0	0	0	0	0	0	0	0	0	3	0	0	0	0	0	0	0	0	0	0	0	0	0	0	0	1	0	0	0	2	1	0	0	0	0	0	0	3	1	1	2	22371	0	0	0	0	0	0	0	0	0	0	0	0	0	0	0	4	22389
2	1	0	2	0	0	0	0	0	0	0	2	0	8	0	22369	2	0	0	0	0	0	0	0	0	0	0	0	0	0	0	3	0	0	0	0	0	0	0	0	0	0	0	0	0	0	0	1	0	0	0	0	0	0	0	0	0	0	0	0	0	0	0	1	0	22389
3	0	0	0	0	1	3	0	0	0	0	0	0	0	0	0	0	0	0	0	0	0	3	0	0	0	0	0	0	0	0	0	0	0	0	0	0	0	4	0	0	0	0	0	0	0	0	0	0	0	1	0	0	4	22350	0	9	0	0	0	0	0	13	0	1	22389
4	0	0	4	0	0	0	0	0	0	0	0	0	0	0	0	0	4	2	22320	36	0	0	6	0	1	0	2	0	0	0	3	0	0	0	0	0	0	0	0	0	0	0	0	0	0	0	0	0	0	0	11	0	0	0	0	0	0	0	0	0	0	0	0	0	22389
5	0	0	0	6	0	0	0	0	0	0	0	0	0	0	0	0	2	0	28	22345	0	0	0	1	0	0	0	4	0	0	0	1	0	0	0	0	0	0	0	0	0	0	0	0	0	0	0	0	0	0	0	0	0	0	0	0	0	0	0	2	0	0	0	0	22389
6	0	1	0	0	0	0	0	0	0	0	0	0	0	2	0	0	0	0	0	0	0	0	0	0	0	0	0	0	0	0	0	0	0	3	0	0	0	1	0	0	0	10	0	0	41	22320	2	3	0	0	0	0	0	0	0	0	0	0	0	0	0	6	0	0	22389
7	0	0	0	0	0	27	0	0	0	0	0	0	0	0	0	0	0	0	0	0	0	2	0	0	0	0	0	0	0	0	0	0	0	17	0	0	13	22285	1	1	0	1	0	0	0	10	0	0	0	0	0	0	0	32	0	0	0	0	0	0	0	0	0	0	22389
8	0	0	16	0	8	2	22335	13	0	0	1	0	0	0	3	0	0	0	0	0	0	0	8	0	0	0	0	0	0	0	0	0	0	0	0	0	0	0	3	0	0	0	0	0	0	0	0	0	0	0	0	0	0	0	0	0	0	0	0	0	0	0	0	0	22389
9	0	0	0	0	0	0	0	0	0	0	0	0	0	12	0	0	0	0	0	0	0	1	0	0	0	0	0	0	0	2	0	0	0	11	0	0	0	11	0	0	0	37	0	0	113	22142	4	53	0	0	0	0	0	0	0	0	0	0	0	0	0	3	0	0	22389
10	0	0	0	0	0	0	7	0	0	0	0	0	0	0	0	0	0	0	0	0	0	0	21	0	0	0	0	0	0	0	1	0	0	0	0	0	0	0	21	0	0	0	0	0	0	0	0	0	0	0	42	0	4	2	22243	38	0	0	0	0	0	0	10	0	22389
11	0	0	0	0	0	0	1	0	0	0	1	0	0	1	3623	0	0	0	0	0	0	0	0	0	0	0	0	0	0	0	4	0	0	0	2	0	0	0	4	0	0	0	15	0	6	0	18717	5	0	0	0	0	0	0	0	0	0	0	0	0	0	0	10	0	22389
12	0	0	0	0	0	0	0	0	0	0	0	0	0	0	0	0	0	0	0	0	0	0	0	0	0	0	0	0	0	1	3	0	0	0	0	0	0	0	0	0	0	0	0	0	0	0	6	0	0	0	2	0	0	0	3	0	0	0	4	0	8	1	22353	8	22389
13	0	0	14	0	8	4	22278	19	0	34	2	0	0	0	5	0	0	0	0	0	2	0	19	0	0	0	0	0	0	0	0	0	0	0	0	0	0	0	2	0	0	0	0	0	0	0	0	0	0	0	0	0	0	0	2	0	0	0	0	0	0	0	0	0	22389
14	0	0	1	0	0	0	0	0	0	0	0	0	0	0	0	0	0	0	1	0	0	0	0	0	0	0	0	0	0	0	0	0	0	0	9	0	0	0	0	0	0	0	0	0	0	0	0	0	3	0	22348	8	0	0	4	0	0	0	4	0	0	0	11	0	22389
15	0	0	8	0	0	0	0	0	0	0	1	0	0	0	0	0	0	0	0	0	0	0	0	0	0	0	0	0	0	0	0	0	7	1	22316	16	0	0	0	0	0	0	35	0	0	0	2	0	0	0	3	0	0	0	0	0	0	0	0	0	0	0	0	0	22389
16	0	0	0	0	0	0	4	0	0	0	0	0	0	1	0	0	0	0	0	0	0	0	7	0	0	0	0	0	0	0	0	0	0	0	34	0	3	6	22286	6	0	3	18	0	0	1	9	0	0	0	0	0	0	0	11	0	0	0	0	0	0	0	0	0	22389
17	0	0	0	0	0	0	0	0	0	0	0	0	0	4	0	0	0	0	0	0	0	1	0	0	0	0	0	0	0	6	0	0	0	0	0	0	0	0	0	0	0	0	0	0	0	42	0	0	0	0	0	1	0	7	1	1	0	5	0	0	5	22292	1	23	22389
18	7	1	0	0	22280	14	4	5	0	0	0	0	7	0	1	0	0	0	0	0	59	1	0	0	0	0	0	0	0	0	0	0	0	0	0	0	4	0	0	0	0	0	0	0	0	0	0	0	0	0	0	0	6	0	0	0	0	0	0	0	0	0	0	0	22389
19	0	0	11	0	0	0	0	0	0	0	0	0	0	0	0	0	6	2	22321	5	0	0	28	0	0	0	5	0	0	0	4	0	0	0	0	0	0	0	0	0	0	0	0	0	0	0	0	0	0	0	6	0	0	0	0	0	0	0	1	0	0	0	0	0	22389
20	0	0	0	0	0	0	0	0	0	0	0	0	7	0	0	0	0	0	0	0	0	0	0	0	0	0	0	0	6	1	0	1	0	0	0	0	0	0	0	0	0	0	0	0	13	0	0	1	2	0	0	1	6	0	1	0	3	0	0	1	22298	12	10	26	22389
21	78	71	118	235	69	93	279	294	174	505	460	277	611	1241	233	183	48	31	11	14	315	437	58	322	191	462	298	183	125	440	81	183	429	309	746	372	300	203	76	61	22	21	41	21	752	445	1147	250	3	3	1603	256	11	4113	391	354	180	291	320	256	244	395	291	363	22389
22	0	0	0	0	0	0	0	0	0	0	0	0	0	6	0	1	0	0	0	0	0	0	0	0	0	0	0	0	0	23	0	0	0	0	0	0	0	0	0	0	0	0	0	0	0	6	0	0	0	0	0	0	1	6	0	0	0	7	0	0	5	22319	1	14	22389
23	0	0	0	12	0	1	0	5	0	0	0	8	2	11	6	22309	0	0	0	1	0	0	0	0	0	0	0	0	0	0	0	18	0	0	0	0	0	0	0	1	0	0	0	0	0	0	0	5	0	0	0	1	0	0	0	0	0	0	0	0	0	0	0	9	22389
24	0	0	0	0	0	0	0	0	0	0	0	0	23	0	0	0	17	0	0	0	8	0	0	0	7	0	0	0	22282	13	1	13	0	0	0	0	0	0	0	0	0	0	0	0	0	0	0	0	1	0	0	0	0	0	0	0	0	0	0	0	23	0	0	0	22388
25	0	7	0	0	0	1	0	0	19	22335	5	2	0	7	0	0	0	0	0	0	0	0	0	0	0	3	0	0	0	0	0	0	0	0	0	0	0	2	0	0	0	3	0	1	0	0	0	0	0	0	0	0	0	0	0	0	0	2	0	0	0	0	0	0	22387
26	0	46	0	0	7	22304	1	5	0	0	0	0	0	9	0	0	0	0	0	0	0	14	0	0	0	0	0	0	0	0	0	0	0	0	0	0	0	0	0	0	0	0	0	0	0	0	0	0	0	0	0	0	0	1	0	0	0	0	0	0	0	0	0	0	22387
27	0	0	0	0	0	0	0	0	0	0	0	0	0	0	0	0	0	0	0	0	0	0	0	0	0	0	0	0	0	0	0	0	0	0	0	0	0	0	0	0	0	0	0	0	0	0	0	0	0	0	0	0	0	0	0	0	0	0	0	0	0	0	0	0	0
28	0	0	0	0	0	0	0	0	0	0	0	0	0	0	0	0	0	0	0	0	0	0	0	0	0	0	0	0	0	0	0	0	0	0	0	0	0	0	0	0	0	0	0	0	0	0	0	0	0	0	0	0	0	0	0	0	0	0	0	0	0	0	0	0	0
