	AAA	AAG	AAC	AAT	AGA	AGG	AGC	AGT	ACA	ACG	ACC	ACT	ATA	ATG	ATC	ATT	GAA	GAG	GAC	GAT	GGA	GGG	GGC	GGT	GCA	GCG	GCC	GCT	GTA	GTG	GTC	GTT	CAA	CAG	CAC	CAT	CGA	CGG	CGC	CGT	CCA	CCG	CCC	CCT	CTA	CTG	CTC	CTT	TAA	TAG	TAC	TAT	TGA	TGG	TGC	TGT	TCA	TCG	TCC	TCT	TTA	TTG	TTC	TTT	SUM
0	0	0	0	0	0	0	0	0	1	0	0	0	0	0	0	0	17	0	0	0	0	0	0	0	24884	2	3	5	5	0	0	0	0	0	0	0	0	0	0	0	1	0	0	0	0	0	0	0	0	0	0	0	0	0	0	0	10	0	0	0	0	0	0	0	24928
1	0	0	0	0	0	0	0	0	0	0	0	0	0	0	0	8	0	0	0	0	0	0	0	0	0	0	0	0	0	0	0	0	0	0	0	4	0	0	0	1	0	0	0	5	2	1	5	24898	0	0	0	0	0	0	0	0	0	0	0	0	0	0	0	4	24928
2	0	0	2	0	0	0	0	0	0	0	8	0	10	2	24901	3	0	0	0	0	0	0	0	0	0	0	0	0	0	0	1	0	0	0	0	0	0	0	0	0	0	0	0	0	0	0	0	0	0	0	0	0	0	0	0	0	0	0	0	0	0	0	1	0	24928
3	0	0	0	0	0	1	0	0	0	0	0	0	0	0	0	0	0	0	0	0	0	1	0	0	0	0	0	0	0	0	0	0	0	0	0	0	0	5	0	0	0	0	0	0	0	0	0	0	0	1	0	0	8	24852	9	25	0	0	0	0	0	26	0	0	24928
4	0	0	7	0	0	0	0	0	0	0	0	0	0	0	0	0	8	0	24863	24	0	0	12	0	0	0	4	0	0	0	2	0	0	0	2	0	0	0	0	0	0	0	0	0	0	0	0	0	0	0	6	0	0	0	0	0	0	0	0	0	0	0	0	0	24928
5	0	0	0	17	0	0	0	0	0	0	0	0	0	0	0	0	4	1	2	24895	0	0	0	3	0	0	0	1	0	0	0	2	0	0	1	0	0	0	0	0	0	0	0	0	0	0	0	0	0	0	0	2	0	0	0	0	0	0	0	0	0	0	0	0	24928
6	0	0	0	0	0	0	0	0	0	0	0	0	0	14	0	0	0	0	0	0	0	0	0	0	0	0	0	0	0	0	0	0	0	1	0	0	0	2	0	0	0	25	0	0	18	24843	9	4	0	0	0	0	0	0	0	0	0	0	0	0	0	12	0	0	24928
7	0	0	0	0	0	2	0	0	0	0	0	0	0	0	0	0	0	0	0	0	0	2	0	0	0	0	0	0	0	0	0	0	0	15	0	0	49	24794	1	3	0	1	0	0	0	4	0	1	0	0	0	0	0	56	0	0	0	0	0	0	0	0	0	0	24928
8	0	0	40	0	45	0	24806	24	0	0	1	0	0	0	0	0	0	0	0	0	0	0	8	0	0	0	0	0	0	0	0	0	0	0	0	0	0	0	4	0	0	0	0	0	0	0	0	0	0	0	0	0	0	0	0	0	0	0	0	0	0	0	0	0	24928
9	0	0	0	0	0	0	0	0	0	0	0	0	0	15	0	0	0	0	0	0	0	0	0	0	0	0	0	0	0	1	0	0	0	19	0	1	0	15	0	0	0	45	0	0	29	24749	3	25	0	0	0	0	0	1	0	0	0	0	0	0	1	24	0	0	24928
10	0	0	0	0	0	0	5	0	0	0	0	0	0	0	1	0	0	0	0	0	0	0	16	0	0	0	0	0	0	0	0	0	0	0	0	0	0	1	10	0	0	0	0	0	0	0	0	0	0	0	32	7	1	2	24789	48	0	0	2	0	0	0	14	0	24928
11	0	0	0	0	0	0	0	0	0	0	0	0	0	0	104	0	0	0	0	0	0	0	0	0	0	0	0	0	0	0	2	0	0	0	6	0	0	0	2	1	0	0	16	0	3	0	24765	18	0	0	0	0	0	0	0	0	0	0	0	0	0	0	11	0	24928
12	0	0	0	0	0	0	0	0	0	0	0	1	0	0	2	0	0	0	0	0	1	0	0	0	0	0	0	0	0	0	1	0	0	0	0	0	0	0	0	0	0	0	0	0	0	0	21	0	0	0	0	0	0	0	2	0	0	0	11	0	8	1	24831	49	24928
13	74	93	171	109	27	24	709	297	400	557	681	330	219	1128	491	349	99	139	25	33	613	1277	402	310	234	527	1011	906	373	1938	441	409	125	208	463	338	50	88	90	37	114	208	255	124	545	448	759	284	4	8	694	575	14	336	913	662	522	487	648	224	212	507	319	271	24928
14	0	0	9	0	0	0	0	0	0	0	0	0	0	0	0	0	0	0	20	0	0	0	0	0	0	0	0	0	0	0	0	0	0	0	15	0	0	0	1	0	0	0	1	0	0	0	0	0	13	0	24802	9	0	0	9	0	0	0	8	0	0	0	41	0	24928
15	0	0	76	0	0	0	0	0	0	0	1	0	0	0	0	0	0	0	2	0	0	0	0	0	0	0	0	0	0	0	0	0	16	281	24481	0	0	0	7	0	0	0	40	0	0	0	5	0	0	0	18	0	0	0	0	0	0	0	0	0	0	1	0	0	24928
16	0	0	0	0	0	0	11	0	0	0	0	0	0	0	0	0	1	0	0	0	0	0	2	1	0	0	0	0	0	0	0	0	0	1	43	0	3	10	24772	23	0	0	21	0	0	0	16	0	0	0	0	0	0	0	19	2	0	0	0	0	0	2	0	1	24928
17	0	0	0	0	2	1	0	0	0	0	0	0	0	9	0	1	0	0	2	0	0	0	0	0	0	0	0	0	0	11	0	0	0	0	0	0	0	0	0	0	0	0	0	0	0	13	0	1	0	2	0	0	0	10	0	0	0	11	0	0	8	24846	0	11	24928
18	12	2	0	0	24823	13	5	3	2	0	0	0	2	0	0	0	0	0	2	0	56	0	0	0	0	0	0	0	0	0	0	0	0	0	0	0	1	0	0	0	0	0	0	0	0	0	0	0	0	0	0	0	5	0	0	0	0	0	0	0	1	1	0	0	24928
19	0	0	30	0	0	0	0	0	0	0	0	0	0	0	0	1	11	1	24824	12	0	0	21	0	0	0	10	1	1	0	7	0	0	0	1	0	0	0	0	0	0	0	0	0	0	0	1	0	0	0	5	0	0	0	0	0	0	0	0	0	2	0	0	0	24928
20	1	0	1	0	0	0	0	0	0	0	0	0	5	0	0	1	0	0	0	0	0	0	0	0	0	0	0	0	10	0	0	1	0	0	0	0	0	0	0	0	0	0	0	0	23	0	2	1	2	0	0	1	4	0	0	1	8	0	0	0	24808	11	5	43	24928
21	0	0	1	0	0	0	0	0	0	0	0	0	0	0	9	1	0	0	0	0	0	0	0	0	0	0	0	0	0	0	1	0	0	0	1	1	0	0	7	0	0	0	8	1	8	3	24867	5	0	0	0	0	0	0	1	0	0	0	0	0	1	2	11	0	24928
22	0	1	0	0	9	1	0	0	0	0	0	0	0	2	0	2	0	0	0	0	0	0	0	0	0	0	0	0	0	3	0	0	0	0	0	0	0	0	0	0	0	0	0	0	0	8	0	0	1	1	0	0	0	2	0	0	0	3	0	0	6	24872	0	17	24928
23	0	0	0	6	1	0	0	6	0	1	0	3	1	5	11	24867	0	0	0	1	0	0	0	0	0	0	0	0	2	0	0	9	0	0	0	0	0	0	0	0	0	0	0	0	0	0	0	4	0	0	0	0	0	0	0	0	0	0	0	0	0	0	0	10	24927
24	0	1	0	0	0	0	0	0	0	3	0	0	10	0	0	0	14	0	0	0	10	0	0	0	10	0	0	0	24833	12	0	3	0	0	0	0	0	0	0	0	0	0	0	0	0	0	0	0	0	0	0	0	0	0	0	0	0	0	0	0	31	0	0	0	24927
25	1	23	1	0	1	3	0	0	18	24816	8	34	0	7	0	0	0	0	0	0	0	0	0	0	0	5	0	0	0	0	0	0	0	0	0	0	0	1	0	0	0	5	0	0	0	0	0	0	0	0	0	0	0	0	0	0	0	3	0	0	0	0	0	0	24926
26	1	42	0	0	8	24816	0	15	0	3	0	0	0	11	0	0	0	1	0	0	0	17	0	0	0	0	0	0	0	0	0	0	0	1	0	0	0	5	0	0	0	0	0	0	0	0	0	0	0	0	0	0	0	3	0	0	0	0	0	0	0	0	0	0	24923
27	0	0	0	0	0	0	0	0	0	0	0	0	0	0	0	0	0	0	0	0	0	0	0	0	0	0	0	0	0	0	0	0	0	0	0	0	0	0	0	0	0	0	0	0	0	0	0	0	0	0	0	0	0	0	0	0	0	0	0	0	0	0	0	0	0
28	0	0	0	0	0	0	0	0	0	0	0	0	0	0	0	0	0	0	0	0	0	0	0	0	0	0	0	0	0	0	0	0	0	0	0	0	0	0	0	0	0	0	0	0	0	0	0	0	0	0	0	0	0	0	0	0	0	0	0	0	0	0	0	0	0
