	AAA	AAG	AAC	AAT	AGA	AGG	AGC	AGT	ACA	ACG	ACC	ACT	ATA	ATG	ATC	ATT	GAA	GAG	GAC	GAT	GGA	GGG	GGC	GGT	GCA	GCG	GCC	GCT	GTA	GTG	GTC	GTT	CAA	CAG	CAC	CAT	CGA	CGG	CGC	CGT	CCA	CCG	CCC	CCT	CTA	CTG	CTC	CTT	TAA	TAG	TAC	TAT	TGA	TGG	TGC	TGT	TCA	TCG	TCC	TCT	TTA	TTG	TTC	TTT	SUM
0	0	0	0	0	0	0	0	0	4	0	0	0	0	0	0	0	20	0	0	0	0	0	0	0	57179	7	6	3	21	0	0	0	0	0	0	0	0	0	0	0	5	0	0	0	0	0	0	0	0	0	0	0	0	0	0	0	30	0	1	0	0	0	0	0	57276
1	0	0	0	0	0	0	0	0	0	0	0	0	0	0	0	14	0	0	0	0	0	0	0	0	0	0	0	0	0	0	0	3	1	0	0	7	0	0	0	1	0	0	0	10	1	2	10	57217	0	0	0	0	0	0	0	0	0	0	0	0	0	0	0	10	57276
2	0	0	1	0	0	1	1	0	0	0	7	0	20	2	57221	10	0	0	0	0	0	0	0	0	0	0	0	0	0	0	5	0	0	0	0	0	0	0	0	0	0	0	0	0	0	0	3	0	0	0	0	0	0	0	0	0	0	0	0	0	0	0	5	0	57276
3	0	0	0	0	0	4	0	1	0	0	0	0	0	0	0	0	0	0	0	0	0	3	0	0	0	0	0	0	0	0	0	0	0	0	0	0	0	10	0	0	0	0	0	0	0	0	0	0	0	10	0	0	11	57002	2	162	0	4	0	0	0	66	0	1	57276
4	0	0	16	0	0	0	0	0	0	0	0	0	0	0	0	0	196	2	56965	49	0	0	17	0	0	0	3	0	0	0	2	0	0	0	1	0	0	0	0	0	0	0	0	0	0	0	0	0	0	0	24	0	0	0	0	0	0	0	1	0	0	0	0	0	57276
5	0	0	0	20	0	0	0	0	0	0	0	0	0	0	0	0	6	1	25	57191	0	0	0	6	0	0	0	4	0	0	0	5	0	0	0	1	0	0	0	0	0	0	0	0	0	0	0	0	0	0	0	15	0	0	0	1	0	0	0	1	0	0	0	0	57276
6	0	0	0	0	0	0	0	0	0	0	0	0	0	6	0	0	0	0	0	0	0	0	0	0	0	0	0	0	0	1	0	0	0	6	0	0	0	1	0	0	0	27	0	0	24	56842	2	352	0	0	0	0	0	0	0	0	0	0	0	0	0	15	0	0	57276
7	0	0	0	0	0	8	0	0	0	0	0	0	0	0	0	0	0	0	0	0	0	5	0	0	0	0	0	0	0	0	0	0	0	63	0	0	23	56903	0	136	0	4	0	0	0	27	0	0	0	0	0	0	0	107	0	0	0	0	0	0	0	0	0	0	57276
8	0	0	16	0	19	4	57049	140	0	0	3	0	0	0	17	0	0	0	0	0	0	0	9	0	0	0	0	0	0	0	0	0	0	0	1	0	0	0	14	1	0	0	0	0	0	0	0	0	0	0	0	0	0	0	3	0	0	0	0	0	0	0	0	0	57276
9	0	0	0	0	0	0	0	0	0	0	0	0	1	102	0	0	0	0	0	0	0	0	0	0	0	0	0	0	0	7	0	0	1	54	0	0	0	20	0	0	0	84	0	0	1070	55874	2	34	0	0	0	0	0	0	0	0	0	0	0	0	0	26	0	1	57276
10	0	0	0	0	0	0	17	0	0	0	0	0	0	0	0	0	0	0	0	0	0	0	61	0	0	0	0	0	0	0	3	0	0	0	0	0	0	0	33	0	0	0	0	0	0	0	0	0	0	0	159	0	8	7	56765	201	0	0	5	0	0	0	17	0	57276
11	0	0	0	0	0	0	0	0	0	0	0	0	0	0	14	0	0	0	0	0	0	0	0	0	0	0	0	0	0	0	3	0	0	0	6	0	0	0	11	0	0	0	48	0	4	3	57139	37	0	0	0	0	0	0	1	0	0	0	0	0	0	0	10	0	57276
12	0	0	0	0	0	0	0	0	0	0	0	0	0	0	6	0	0	0	0	0	0	0	0	0	0	0	0	0	0	0	2	0	0	0	0	0	0	0	0	0	0	0	0	0	0	0	22	0	0	0	4	0	0	0	6	1	0	0	14	0	13	1	57192	15	57276
13	0	0	45	0	21	10	57073	41	0	1	6	0	0	1	17	0	0	0	0	0	0	1	34	0	0	0	0	0	0	0	0	0	0	0	0	0	1	0	14	0	0	0	0	0	0	0	1	0	0	0	0	0	0	0	8	0	0	0	1	0	0	0	0	0	57275
14	0	0	4	0	0	0	0	0	0	0	1	0	0	0	0	0	0	0	5	0	0	0	0	0	0	0	0	0	0	0	0	0	0	0	30	0	0	0	0	0	0	0	0	0	0	0	0	0	14	1	57150	13	0	0	6	0	0	0	26	0	0	0	24	1	57275
15	1	0	26	0	0	0	0	0	0	0	1	0	0	0	0	0	0	0	2	0	0	0	0	0	0	0	1	0	1	0	0	0	21	3	57044	38	0	0	22	0	2	0	102	0	0	0	3	0	0	0	7	0	0	0	0	0	0	0	1	0	0	0	0	0	57275
16	0	0	2	0	2	0	23	0	0	0	1	0	0	1	1	0	0	0	0	0	2	1	8	0	0	0	0	0	0	0	1	0	0	0	172	0	7	21	56843	48	0	0	50	0	0	0	23	1	0	0	1	0	0	0	63	4	0	0	0	0	0	0	0	0	57275
17	24	15	75	50	8	21	434	98	1126	2529	4295	955	1804	2883	1485	386	4	27	40	40	1092	1884	526	555	819	2080	2263	1972	13	1175	3233	2089	83	190	24	19	6	62	20	8	24	33	68	27	2087	396	3008	2535	3	9	262	67	4	247	505	26	31	1128	468	304	835	7020	3209	567	57275
18	41	0	0	0	57020	45	9	3	2	0	0	0	12	2	0	1	1	1	0	0	95	4	1	0	0	0	0	0	1	0	0	0	3	0	0	0	10	0	0	0	0	0	0	0	0	0	1	0	0	0	0	0	22	0	0	0	0	0	0	0	0	0	0	1	57275
19	1	0	17	0	0	0	4	0	0	0	1	0	0	0	0	0	16	3	57107	12	1	0	60	0	0	0	14	0	1	0	19	0	0	0	2	0	0	0	0	0	0	0	1	0	0	0	1	0	0	1	13	0	0	0	1	0	0	0	0	0	0	0	0	0	57275
20	0	0	0	0	0	0	0	0	0	1	0	1	23	0	2	0	0	0	0	0	0	0	0	0	1	0	0	0	14	0	0	0	0	0	0	0	0	0	0	0	0	0	0	0	67	0	3	3	11	0	1	0	10	0	2	0	25	0	0	0	56958	31	26	96	57275
21	1	0	0	0	0	1	1	0	0	0	1	0	1	0	22	2	0	0	0	0	0	0	1	0	0	0	0	0	0	0	0	0	0	0	8	0	1	0	11	0	0	0	41	0	8	9	57122	24	0	0	0	0	0	0	0	0	0	0	0	0	0	0	20	1	57275
22	0	0	0	0	0	0	0	0	0	0	0	0	0	7	0	0	0	0	0	0	0	0	0	0	0	0	0	0	1	13	0	0	0	0	0	0	0	0	0	0	0	0	0	0	0	17	0	1	0	1	0	0	0	10	0	0	0	28	1	0	14	57156	2	22	57273
23	0	0	0	20	0	0	0	6	0	1	0	19	2	15	19	57134	0	0	0	0	0	0	0	0	0	0	0	0	0	0	0	27	0	0	0	1	0	0	0	0	0	0	0	0	0	0	0	6	0	0	0	0	0	0	0	0	0	0	0	0	0	0	0	23	57273
24	0	0	0	0	0	1	0	0	0	0	0	0	26	0	0	0	29	0	0	0	26	0	0	0	30	0	0	0	57034	27	6	16	1	0	0	0	0	0	0	0	0	0	0	0	2	0	0	0	1	0	0	0	1	0	0	0	0	0	0	0	70	0	1	1	57272
25	0	18	1	0	0	2	0	0	133	56924	16	143	0	10	0	0	0	0	0	0	0	0	0	0	1	9	0	0	0	1	0	0	0	0	0	0	0	0	0	0	0	6	0	0	0	0	0	0	0	0	0	0	0	0	0	0	0	6	0	0	0	0	0	0	57270
26	1	90	0	1	10	57060	1	22	0	2	0	0	0	28	0	0	0	3	0	0	0	44	0	0	0	0	0	0	0	0	0	1	0	0	0	0	0	3	0	0	0	0	0	0	0	0	0	0	0	0	0	0	0	4	0	0	0	0	0	0	0	0	0	0	57270
27	0	0	0	0	0	0	0	0	0	0	0	0	0	0	0	0	0	0	0	0	0	0	0	0	0	0	0	0	0	0	0	0	0	0	0	0	0	0	0	0	0	0	0	0	0	0	0	0	0	0	0	0	0	0	0	0	0	0	0	0	0	0	0	0	0
28	0	0	0	0	0	0	0	0	0	0	0	0	0	0	0	0	0	0	0	0	0	0	0	0	0	0	0	0	0	0	0	0	0	0	0	0	0	0	0	0	0	0	0	0	0	0	0	0	0	0	0	0	0	0	0	0	0	0	0	0	0	0	0	0	0
