	AAA	AAG	AAC	AAT	AGA	AGG	AGC	AGT	ACA	ACG	ACC	ACT	ATA	ATG	ATC	ATT	GAA	GAG	GAC	GAT	GGA	GGG	GGC	GGT	GCA	GCG	GCC	GCT	GTA	GTG	GTC	GTT	CAA	CAG	CAC	CAT	CGA	CGG	CGC	CGT	CCA	CCG	CCC	CCT	CTA	CTG	CTC	CTT	TAA	TAG	TAC	TAT	TGA	TGG	TGC	TGT	TCA	TCG	TCC	TCT	TTA	TTG	TTC	TTT	SUM
0	0	0	0	0	1	0	0	0	40	0	0	0	0	0	0	0	145	0	0	0	16	0	0	0	268072	26	30	31	59	0	0	0	0	0	0	0	0	0	0	0	7	0	1	0	0	0	0	0	0	0	0	0	0	0	0	0	164	0	2	0	0	0	0	0	268594
1	0	0	0	0	0	0	0	0	0	0	0	0	0	0	0	61	0	0	0	1	0	0	0	0	0	0	0	0	0	0	0	13	3	0	0	34	0	0	0	3	0	1	0	39	14	6	42	268338	0	0	0	0	0	0	0	0	0	0	0	0	0	0	0	39	268594
2	1	0	21	0	0	0	4	0	0	0	25	0	71	12	268340	69	0	0	0	0	0	0	0	0	0	0	0	0	0	0	23	0	0	0	0	0	0	0	0	0	0	0	0	0	0	0	21	0	0	0	0	0	0	0	0	0	0	0	0	0	0	0	7	0	268594
3	0	0	0	0	0	20	0	1	0	0	0	0	0	0	0	0	0	0	0	0	0	13	0	0	0	0	0	0	0	0	0	0	0	0	0	0	0	62	0	2	0	0	0	0	0	0	0	0	0	32	0	0	177	267541	15	332	0	8	0	0	0	374	0	17	268594
4	0	0	110	0	0	0	0	0	0	1	0	0	0	0	0	0	93	9	267469	623	0	0	101	0	1	0	22	0	0	0	15	0	0	0	4	0	0	0	0	0	0	0	0	0	0	0	0	0	0	0	137	0	0	0	0	0	0	0	8	0	0	0	0	0	268593
5	0	0	0	203	0	0	0	0	0	0	0	0	0	0	0	0	23	15	104	268104	0	0	0	33	0	0	0	38	0	0	0	20	1	1	1	7	0	0	0	0	0	0	0	0	0	0	0	0	0	0	0	39	0	0	0	0	0	0	0	4	0	0	0	0	268593
6	0	1	0	0	0	1	0	0	0	0	0	0	0	52	0	0	0	2	0	0	0	1	0	0	0	0	0	0	0	5	0	0	0	61	0	0	0	19	0	0	0	174	0	0	338	267819	12	42	0	0	0	0	0	1	0	0	0	0	0	0	0	65	0	0	268593
7	1	1	0	0	1	27	0	0	0	0	0	0	0	0	0	0	0	0	0	0	0	13	0	0	0	0	0	0	0	0	0	0	0	708	0	0	71	266487	7	289	0	6	0	0	0	101	0	5	0	1	0	0	1	874	0	0	0	0	0	0	0	0	0	0	268593
8	0	0	244	0	63	32	267743	296	0	0	10	0	0	0	35	0	0	0	0	0	0	0	94	0	0	0	0	0	0	0	1	0	0	0	0	0	2	2	49	0	0	0	0	0	0	0	2	0	0	0	1	0	0	1	18	0	0	0	0	0	0	0	0	0	268593
9	0	1	0	0	0	0	0	0	0	0	0	0	0	164	0	0	0	0	0	0	0	0	0	0	0	0	0	0	0	21	0	0	0	179	0	0	0	126	0	0	0	343	1	0	420	266853	15	380	0	0	0	0	0	2	0	0	0	0	0	0	1	87	0	0	268593
10	0	0	2	0	1	0	60	0	0	0	0	0	0	0	0	0	0	0	0	0	3	1	217	1	0	0	0	0	0	0	8	0	0	0	1	0	0	2	184	1	0	0	0	0	0	0	1	0	1	0	407	0	49	53	266860	613	0	0	16	0	0	1	110	1	268593
11	1	0	0	0	0	0	1	0	0	0	0	0	0	0	278	0	1	0	0	0	0	0	0	0	0	0	0	0	0	0	12	0	0	0	43	1	0	0	46	0	0	0	235	2	237	13	267552	114	0	0	0	0	0	0	0	0	0	0	0	0	0	2	54	1	268593
12	1	0	1	0	2	0	1	0	0	0	1	0	0	0	41	0	0	0	0	0	0	0	1	0	0	0	0	0	0	0	17	1	0	0	0	0	0	0	0	0	0	0	2	0	0	0	135	0	0	0	38	0	0	1	25	1	0	0	53	0	58	18	268105	91	268593
13	0	2	176	0	74	30	267155	120	2	0	18	2	2	125	82	2	0	0	3	0	0	60	152	417	0	0	2	0	0	0	4	1	0	0	0	0	0	2	62	3	0	0	0	0	0	1	1	0	0	0	0	0	0	9	55	2	0	0	21	1	0	4	3	0	268593
14	0	1	13	0	0	0	0	0	0	0	1	0	0	0	0	0	1	0	25	0	0	0	0	0	0	0	0	0	1	0	0	0	0	0	233	1	0	0	0	0	0	0	1	0	0	1	2	1	68	5	267898	39	1	0	52	0	0	0	85	0	3	0	161	0	268593
15	3	1	299	0	0	0	0	0	0	1	8	0	0	0	2	0	0	1	7	0	0	0	0	0	0	0	0	0	0	0	0	0	113	10	267445	103	0	0	61	0	1	2	435	0	0	0	24	0	0	0	73	0	0	0	0	0	0	0	0	0	0	1	2	1	268593
16	0	0	0	1	0	3	60	0	1	0	2	0	0	0	0	1	0	0	0	0	2	0	25	1	0	0	1	0	0	0	0	0	0	0	688	0	38	86	266742	432	2	3	211	4	0	3	108	1	0	0	2	0	0	2	159	7	0	0	0	0	0	4	3	1	268593
17	0	0	0	0	1	0	1	0	0	2	0	0	1	47	0	2	0	0	0	0	1	0	0	0	0	1	0	1	1	119	0	6	0	1	0	0	0	1	0	0	0	1	0	0	1	136	0	2	1	16	0	0	2	66	0	3	0	117	0	1	190	267678	6	183	268588
18	79	5	0	1	267422	143	53	37	7	1	0	0	147	4	2	1	8	3	1	1	549	9	2	0	0	0	0	0	5	0	0	0	0	0	0	1	31	0	2	0	0	0	0	0	0	0	2	0	0	0	0	0	66	1	0	0	0	0	0	0	0	1	0	0	268584
19	0	0	117	1	0	1	2	0	0	2	4	0	0	0	0	1	71	17	267770	141	2	1	255	0	1	0	61	0	3	0	51	0	0	0	23	0	0	0	0	0	0	0	3	0	0	0	2	1	1	1	46	1	0	0	0	0	0	0	3	0	0	0	1	1	268584
20	2232	749	4605	1851	571	182	1419	1607	371	236	3119	641	6461	490	3738	4346	3850	2380	3319	3437	4112	2848	10524	3832	1990	4124	8066	6039	14898	7375	3340	7229	5184	904	6499	3673	1143	317	2703	1781	475	328	870	495	6705	6711	11664	10702	136	84	10471	5660	119	1588	8659	12933	2090	2719	2022	4481	13520	4269	9648	10049	268583
21	0	0	1	0	1	1	1	0	0	1	1	0	2	2	130	2	0	1	0	0	0	0	2	0	0	0	2	0	1	2	47	1	0	0	41	0	1	1	89	5	0	1	274	12	80	40	267478	186	0	0	3	0	0	0	2	0	0	0	4	2	2	2	153	6	268580
22	0	0	0	0	0	4	0	0	0	0	0	0	0	22	0	3	0	0	0	0	0	0	0	0	0	0	0	0	1	40	0	49	0	0	0	0	0	1	0	0	0	0	0	0	0	85	1	4	0	17	0	0	1	41	0	0	0	163	0	0	74	267906	4	162	268578
23	0	0	0	119	0	3	0	63	0	1	0	49	33	63	77	267861	0	0	0	5	0	0	0	1	0	0	0	0	2	0	0	173	0	0	0	1	0	0	0	0	0	0	0	1	0	0	0	20	0	0	0	1	0	0	0	1	0	0	0	0	0	7	0	94	268575
24	0	0	0	0	1	1	0	0	0	2	0	0	171	0	0	0	151	0	0	0	161	1	1	0	116	0	2	0	267439	99	19	59	0	0	0	0	0	0	0	0	0	0	1	0	4	0	0	0	2	0	0	0	2	0	0	0	1	0	0	0	338	0	0	4	268575
25	1	170	2	1	0	34	0	0	356	267509	84	39	0	238	0	0	0	0	0	0	0	0	0	0	0	46	0	0	0	0	0	0	0	2	0	0	4	5	0	0	2	48	0	0	0	0	0	0	0	0	0	0	0	0	0	0	0	31	0	0	0	0	0	0	268572
26	0	463	0	2	124	267459	22	92	0	6	0	0	0	144	0	1	0	10	0	0	8	185	0	0	0	0	0	0	0	0	0	0	0	0	0	1	0	30	0	0	0	0	0	0	0	1	0	0	0	0	0	0	0	18	0	1	0	0	0	0	0	0	0	0	268567
27	0	0	0	0	0	0	0	0	0	0	0	0	0	0	0	0	0	0	0	0	0	0	0	0	0	0	0	0	0	0	0	0	0	0	0	0	0	0	0	0	0	0	0	0	0	0	0	0	0	0	0	0	0	0	0	0	0	0	0	0	0	0	0	0	0
28	0	0	0	0	0	0	0	0	0	0	0	0	0	0	0	0	0	0	0	0	0	0	0	0	0	0	0	0	0	0	0	0	0	0	0	0	0	0	0	0	0	0	0	0	0	0	0	0	0	0	0	0	0	0	0	0	0	0	0	0	0	0	0	0	0
