	AAA	AAG	AAC	AAT	AGA	AGG	AGC	AGT	ACA	ACG	ACC	ACT	ATA	ATG	ATC	ATT	GAA	GAG	GAC	GAT	GGA	GGG	GGC	GGT	GCA	GCG	GCC	GCT	GTA	GTG	GTC	GTT	CAA	CAG	CAC	CAT	CGA	CGG	CGC	CGT	CCA	CCG	CCC	CCT	CTA	CTG	CTC	CTT	TAA	TAG	TAC	TAT	TGA	TGG	TGC	TGT	TCA	TCG	TCC	TCT	TTA	TTG	TTC	TTT	SUM
0	0	0	0	0	0	0	0	0	21	0	0	0	0	0	0	0	33	0	0	0	3	0	0	0	74681	9	5	11	26	0	0	0	0	0	0	0	0	0	0	0	3	0	0	0	0	0	0	0	0	0	0	0	0	0	0	0	51	0	0	0	0	0	0	0	74843
1	0	0	0	0	1	0	0	0	0	0	0	0	0	0	0	20	0	0	0	0	0	0	0	0	0	0	0	0	0	0	0	6	0	0	0	4	0	0	0	4	0	0	0	9	3	2	11	74768	0	0	0	0	0	0	0	0	0	0	0	0	0	0	0	15	74843
2	1	0	3	0	0	0	0	0	0	0	10	0	25	2	74756	16	0	0	0	0	0	0	0	0	0	0	0	0	0	0	16	0	0	0	0	0	0	0	0	0	0	0	0	0	0	0	11	0	0	0	0	0	0	0	0	0	0	0	0	0	0	0	3	0	74843
3	0	0	0	0	0	3	0	0	0	0	0	0	0	0	0	0	0	0	0	0	0	6	0	0	0	0	0	0	0	0	0	0	0	0	0	0	0	10	0	0	0	0	0	0	0	0	0	0	0	10	0	0	108	74583	0	47	0	5	0	0	0	62	1	8	74843
4	0	0	27	0	0	0	0	0	0	0	0	0	0	0	0	0	20	4	74596	102	0	0	35	0	0	0	8	0	0	0	6	0	0	0	4	0	0	0	0	0	0	0	1	0	0	0	0	0	0	0	34	0	0	0	0	0	0	0	5	0	0	0	0	0	74842
5	0	0	0	43	0	0	0	0	0	0	0	0	0	0	0	0	21	2	31	74702	0	0	0	13	0	0	0	9	0	0	0	4	0	0	0	0	0	0	0	0	0	0	0	0	0	0	0	0	0	0	0	12	0	1	0	0	0	0	0	4	0	0	0	0	74842
6	0	0	0	0	0	0	1	0	0	0	0	0	1	20	0	0	0	0	0	0	0	0	0	0	0	0	0	0	0	4	0	0	0	7	0	0	0	1	0	0	0	53	0	0	70	74639	10	16	0	0	0	0	0	0	0	0	0	0	0	0	0	20	0	0	74842
7	0	0	0	0	0	5	0	0	0	0	0	0	0	0	0	0	0	0	0	0	0	7	0	0	0	0	0	0	0	0	0	0	0	55	0	0	17	74581	3	7	0	6	0	0	0	16	0	2	0	0	0	0	0	143	0	0	0	0	0	0	0	0	0	0	74842
8	0	0	50	0	27	8	74600	95	0	0	4	0	0	0	8	0	0	0	0	0	0	0	18	0	0	0	0	0	0	0	0	0	0	0	0	0	0	0	23	0	0	0	0	0	0	0	0	0	0	0	0	0	0	0	9	0	0	0	0	0	0	0	0	0	74842
9	0	0	0	0	0	0	0	0	0	0	0	0	0	43	0	0	0	0	0	0	0	0	0	0	0	0	0	0	0	5	0	0	3	36	0	0	0	28	0	0	0	93	0	0	82	74484	4	50	0	0	0	0	0	1	0	0	0	0	0	0	0	13	0	0	74842
10	0	0	0	0	1	0	14	0	0	0	0	0	0	0	0	0	0	0	0	0	0	0	74	0	0	0	0	0	0	0	2	0	0	0	0	0	0	0	42	1	0	0	0	0	0	0	0	0	0	0	99	0	8	6	74386	165	0	0	3	0	0	0	40	0	74841
11	0	0	0	0	0	0	1	0	0	0	0	0	0	0	14	0	0	0	0	0	0	0	0	0	0	0	0	0	0	0	7	0	0	0	8	0	1	0	14	0	0	0	49	0	4	2	74692	38	0	0	0	0	0	0	0	0	0	0	0	0	0	0	11	0	74841
12	0	1	0	0	0	0	0	0	0	0	0	0	0	0	10	0	0	0	0	0	2	0	0	0	0	0	0	0	0	0	8	0	0	0	0	0	0	0	0	0	0	0	0	0	0	0	20	0	0	0	10	0	0	0	6	0	0	0	25	0	9	6	74725	19	74841
13	0	0	46	0	32	6	74593	41	0	0	10	0	0	0	22	0	0	0	0	0	0	0	62	0	0	0	0	0	0	0	0	0	0	0	1	0	0	0	19	0	0	0	0	0	0	0	0	0	0	0	0	0	0	0	9	0	0	0	0	0	0	0	0	0	74841
14	1	0	8	0	0	0	1	0	0	0	0	0	0	0	1	0	0	0	5	0	0	0	0	0	0	0	0	0	0	0	0	0	0	0	31	0	0	0	1	0	0	0	0	0	0	0	0	0	36	3	74632	31	0	0	11	0	0	0	28	1	1	0	49	1	74841
15	2	0	25	0	0	0	0	0	0	0	4	0	0	0	0	0	0	0	4	0	0	0	0	0	0	0	0	0	0	0	0	0	21	2	74563	54	0	0	23	0	1	0	118	0	0	0	3	0	0	0	20	0	0	0	0	0	0	0	0	0	0	1	0	0	74841
16	0	0	0	0	1	0	19	0	0	0	1	0	0	0	0	0	0	0	0	0	0	1	8	2	0	0	1	0	0	0	1	0	2	0	158	0	9	29	74424	47	0	1	58	0	0	0	32	0	0	0	0	0	0	0	45	0	0	0	2	0	0	0	0	0	74841
17	0	0	0	0	0	0	0	0	0	0	0	0	0	38	0	0	0	0	1	0	1	0	0	0	0	0	0	0	0	33	1	0	0	0	0	0	0	0	0	0	0	0	0	0	0	24	0	2	0	7	1	0	0	23	0	1	0	43	0	1	21	74597	2	45	74841
18	19	1	0	0	74500	45	24	10	4	0	0	0	17	0	0	0	2	0	1	0	175	3	0	0	0	0	0	0	3	0	0	0	0	0	0	0	9	0	1	0	0	0	0	0	0	0	0	0	0	0	0	0	26	0	0	0	0	0	0	0	1	0	0	0	74841
19	1	0	42	0	0	0	1	0	0	0	1	0	0	0	0	0	19	6	74589	25	1	0	88	0	0	0	21	0	0	0	18	0	0	1	2	0	0	0	0	0	0	0	1	0	0	0	1	0	0	0	21	1	0	0	0	0	0	0	0	0	1	0	0	0	74840
20	2	0	0	0	1	0	0	0	0	0	0	0	39	0	0	0	0	0	1	0	0	0	0	0	1	1	0	0	19	0	0	1	1	0	0	1	0	0	0	0	0	0	0	0	94	0	2	3	13	0	1	1	16	1	0	0	26	0	2	0	74391	32	36	155	74840
21	1	0	0	0	0	0	0	0	0	0	1	0	0	0	25	2	0	0	0	0	0	0	0	0	0	0	1	0	0	0	0	0	1	0	10	0	0	0	19	0	0	0	70	5	25	10	74593	35	0	0	0	0	0	0	0	0	0	0	1	1	1	1	37	1	74840
22	0	0	0	0	0	0	0	0	0	0	0	0	0	7	0	1	0	0	0	0	0	0	0	0	0	0	0	0	1	15	0	1	0	0	0	0	0	0	0	0	0	0	0	0	0	21	0	0	1	8	0	0	0	12	0	0	0	16	0	0	17	74692	5	43	74840
23	0	0	0	33	0	2	0	24	0	1	0	17	14	20	17	74626	0	0	0	0	0	0	0	0	0	0	0	0	1	0	0	39	0	0	0	0	0	0	0	0	0	0	0	0	0	0	0	28	0	0	0	0	0	0	0	0	0	0	0	0	0	1	0	17	74840
24	0	0	0	0	0	1	0	0	0	1	0	0	52	0	0	0	54	0	1	0	33	0	0	1	20	0	1	0	74515	29	6	20	0	0	0	0	0	0	0	0	0	0	0	0	2	0	0	0	0	0	0	0	0	0	0	1	1	0	0	0	100	1	0	0	74839
25	1	22	1	0	1	8	0	0	118	74593	18	8	0	31	0	0	0	0	0	0	0	0	0	0	0	10	0	1	0	0	0	0	0	1	0	0	1	2	0	0	0	12	0	0	0	0	0	0	0	0	0	0	0	0	0	0	0	10	0	0	0	0	0	0	74838
26	0	134	0	0	16	74515	3	27	0	3	0	1	0	40	0	1	0	3	0	0	1	73	0	0	0	0	0	0	0	1	0	0	0	1	0	0	0	10	0	0	0	0	0	0	0	0	0	0	0	0	0	0	0	7	0	0	0	0	0	0	0	0	0	0	74836
27	0	0	0	0	0	0	0	0	0	0	0	0	0	0	0	0	0	0	0	0	0	0	0	0	0	0	0	0	0	0	0	0	0	0	0	0	0	0	0	0	0	0	0	0	0	0	0	0	0	0	0	0	0	0	0	0	0	0	0	0	0	0	0	0	0
28	0	0	0	0	0	0	0	0	0	0	0	0	0	0	0	0	0	0	0	0	0	0	0	0	0	0	0	0	0	0	0	0	0	0	0	0	0	0	0	0	0	0	0	0	0	0	0	0	0	0	0	0	0	0	0	0	0	0	0	0	0	0	0	0	0
