	AAA	AAG	AAC	AAT	AGA	AGG	AGC	AGT	ACA	ACG	ACC	ACT	ATA	ATG	ATC	ATT	GAA	GAG	GAC	GAT	GGA	GGG	GGC	GGT	GCA	GCG	GCC	GCT	GTA	GTG	GTC	GTT	CAA	CAG	CAC	CAT	CGA	CGG	CGC	CGT	CCA	CCG	CCC	CCT	CTA	CTG	CTC	CTT	TAA	TAG	TAC	TAT	TGA	TGG	TGC	TGT	TCA	TCG	TCC	TCT	TTA	TTG	TTC	TTT	SUM
0	0	0	1	0	1	0	0	0	54	0	0	0	0	0	0	0	270	0	2	0	14	0	0	0	272410	37	87	36	101	0	0	0	0	0	0	0	0	0	0	0	34	0	5	0	0	0	0	0	0	0	0	0	0	0	0	0	153	0	1	0	0	0	0	0	273206
1	1	0	0	2	0	0	0	2	0	0	0	0	0	0	0	147	0	0	0	1	0	0	0	0	0	0	0	0	0	0	0	12	0	0	1	52	0	0	0	12	0	0	0	38	24	17	42	272786	0	0	0	0	0	0	0	0	0	0	0	0	1	0	0	67	273205
2	1	0	41	0	0	0	10	0	0	0	42	0	110	18	272789	102	0	0	0	0	0	0	0	0	0	0	0	0	0	0	24	0	0	0	0	0	0	0	0	0	0	0	0	0	0	0	44	0	0	0	0	0	0	0	0	0	0	0	0	0	0	0	24	0	273205
3	1	0	0	0	0	28	0	0	0	0	0	0	0	0	0	0	0	0	0	0	0	56	0	0	0	0	0	0	0	0	0	0	0	0	0	0	0	50	0	0	0	0	0	0	0	0	0	0	0	43	0	1	157	272074	31	396	0	9	0	1	0	343	0	15	273205
4	1	0	109	0	0	0	0	0	0	1	0	0	0	0	0	0	259	25	271952	472	0	0	105	0	0	0	62	0	0	1	22	0	0	0	15	0	0	0	0	0	0	0	0	0	0	0	0	0	1	0	172	0	0	0	0	0	0	0	3	0	0	0	0	0	273200
5	0	0	0	179	0	0	0	0	0	0	0	0	0	0	0	1	45	28	124	272547	0	0	0	43	1	0	1	98	1	0	0	43	0	0	0	9	0	0	0	0	0	0	0	0	0	1	0	1	0	0	0	73	0	0	0	0	0	0	0	4	0	0	0	0	273199
6	0	2	0	0	2	1	1	0	0	0	0	0	1	157	1	0	0	1	0	0	0	1	0	0	0	0	0	0	0	16	0	0	0	77	0	1	0	38	1	1	0	180	1	0	240	272054	33	270	0	0	0	0	0	0	0	0	0	1	0	0	0	119	0	0	273199
7	0	0	0	0	2	107	1	0	0	0	0	0	0	0	0	0	2	1	0	0	1	50	2	0	0	0	0	0	0	0	0	0	1	263	0	0	147	271672	17	107	0	24	0	0	0	205	0	17	0	0	0	0	2	576	0	1	0	0	0	0	1	0	0	0	273199
8	2	2	171	0	327	63	271903	324	2	0	20	0	0	5	87	0	0	0	0	0	0	1	111	1	0	0	1	0	0	0	3	0	0	0	0	0	0	4	134	1	1	0	6	0	0	2	5	0	0	0	1	0	0	1	17	2	0	0	1	0	1	0	0	0	273199
9	1	2	0	0	0	1	0	0	0	1	0	0	1	343	0	2	0	1	0	0	0	2	2	0	0	0	0	0	1	62	0	1	1	226	0	0	1	185	0	4	2	373	2	7	685	270532	49	489	0	2	0	0	0	12	3	0	0	0	0	0	0	206	0	0	273199
10	0	0	0	0	2	1	102	0	0	0	1	0	0	0	3	0	0	0	3	0	4	9	667	1	0	0	3	0	0	3	19	0	0	0	0	0	1	0	195	1	0	0	0	0	0	1	5	0	0	0	459	1	145	134	270363	670	1	0	42	0	3	4	353	2	273198
11	1	0	1	0	0	0	2	0	0	0	3	0	2	2	728	3	0	0	1	0	0	0	0	0	0	0	0	0	0	1	36	0	2	0	87	2	0	1	139	2	0	0	386	8	135	50	271164	298	0	0	0	0	1	0	0	0	0	0	2	2	1	0	136	1	273197
12	0	0	7	1	8	1	8	1	0	0	1	0	3	2	337	1	1	1	1	0	0	0	1	0	0	0	0	0	1	0	59	1	0	0	2	0	0	0	0	0	0	0	6	0	1	0	188	3	8	3	97	1	5	1	96	1	1	0	130	1	156	91	271778	193	273197
13	75	92	504	181	398	336	249822	575	351	399	837	411	222	805	893	342	62	116	39	22	590	1103	691	401	200	593	997	402	326	1407	466	407	135	305	374	189	57	70	337	58	100	135	241	101	279	447	694	317	8	11	583	395	16	349	905	417	329	341	605	173	194	409	318	238	273195
14	24	13	142	75	16	10	98	40	5	2	28	11	243	23	467	438	72	60	212	17	126	10	58	59	5	37	37	13	77	135	45	51	177	14	506	234	58	7	122	59	3	1	20	5	520	215	151	515	347	45	262850	527	15	15	837	769	21	26	343	52	443	244	1116	285	273191
15	398	454	1530	169	114	57	299	157	398	596	578	512	253	580	396	368	767	2173	1495	877	156	146	257	236	522	1846	647	646	740	1648	337	715	1317	1423	238792	1118	215	240	597	202	157	248	1671	164	487	942	278	654	44	45	846	355	6	79	197	123	415	659	271	182	262	564	204	363	273187
16	466	1173	810	329	352	475	818	1010	743	1109	821	859	244	1671	302	473	654	1217	168	344	1223	2325	1176	470	724	2418	1448	1157	623	1441	1167	854	489	1503	1632	1308	2164	5543	207239	2697	167	371	1070	281	589	1541	1704	1215	22	47	2036	2009	49	2803	1229	1120	721	772	662	497	542	977	685	433	273181
17	4	15	22	19	18	32	95	27	425	618	977	193	553	1041	311	161	3	18	17	8	236	592	127	136	337	565	541	574	27	1220	765	559	24	47	6	9	7	14	9	5	14	16	26	8	429	572	688	636	4	88	80	25	22	502	151	39	29	522	132	139	345	256584	908	858	273174
18	285	71	271	204	256973	842	655	408	322	253	272	150	296	216	87	83	188	132	110	147	1803	722	370	269	174	367	358	239	106	97	85	195	556	220	512	233	386	199	348	161	21	10	13	22	79	232	200	120	12	1	337	237	321	237	351	379	144	83	226	212	65	242	124	99	273132
19	20	19	310	46	11	18	76	99	57	45	99	219	25	26	36	33	1158	2439	262296	2459	258	117	711	78	93	56	325	37	39	36	262	49	279	188	140	20	17	10	7	14	10	4	10	6	22	29	31	15	11	12	247	47	1	1	24	20	45	26	93	91	32	27	19	37	273087
20	440	137	834	313	169	69	308	285	141	72	707	201	1729	198	1106	1019	663	390	727	618	778	518	1450	938	413	682	1459	963	2784	1424	822	1383	1074	158	1254	828	264	93	465	308	108	89	165	108	2376	1177	2003	2007	499	60	1761	1131	581	303	1384	1947	766	438	616	853	218665	1489	2718	3650	273078
21	29	34	80	47	24	56	102	83	194	140	213	64	204	902	533	164	25	19	12	6	107	134	80	135	87	104	136	63	59	172	229	76	171	121	490	108	63	101	426	60	22	17	569	39	729	650	260617	618	3	5	396	117	5	843	255	206	96	83	213	156	187	288	784	302	273053
22	41	32	87	46	35	87	117	130	121	139	199	146	139	304	205	199	69	141	114	78	110	153	70	8	134	129	236	163	218	652	215	321	162	124	85	57	55	65	31	28	47	52	95	47	148	546	223	249	13	84	112	83	27	485	115	113	70	235	155	119	303	263347	246	678	273037
23	3	1	1	344	4	18	1	278	1	9	0	75	101	270	73	270938	0	0	0	14	2	3	0	3	0	0	0	1	15	2	0	434	0	0	0	2	0	0	0	1	0	1	0	0	0	2	0	72	0	0	0	3	0	0	0	7	0	0	0	0	6	22	0	319	273026
24	5	3	0	0	2	6	0	0	5	13	1	0	246	2	0	2	491	1	2	1	426	8	2	3	148	0	2	0	269878	235	102	219	0	0	0	0	0	0	0	0	0	0	0	0	14	1	1	2	20	0	0	0	13	1	0	1	0	0	0	0	1147	2	5	4	273014
25	7	469	6	4	2	113	4	5	571	270570	220	381	4	182	4	1	0	6	0	1	0	1	0	0	4	97	0	1	0	0	0	0	1	8	0	0	1	14	0	1	9	194	3	4	0	1	0	0	0	4	0	0	0	0	0	1	2	99	0	1	0	2	0	0	272998
26	5	1139	0	12	306	269351	24	384	1	45	1	0	8	884	0	25	1	33	1	0	10	530	0	6	0	0	0	0	0	10	0	0	0	6	0	0	0	121	0	2	0	0	0	1	0	0	0	2	0	5	0	0	1	55	0	2	0	0	0	0	0	2	0	0	272973
27	0	0	0	0	0	0	0	0	0	0	0	0	0	0	0	0	0	0	0	0	0	0	0	0	0	0	0	0	0	0	0	0	0	0	0	0	0	0	0	0	0	0	0	0	0	0	0	0	0	0	0	0	0	0	0	0	0	0	0	0	0	0	0	0	0
28	0	0	0	0	0	0	0	0	0	0	0	0	0	0	0	0	0	0	0	0	0	0	0	0	0	0	0	0	0	0	0	0	0	0	0	0	0	0	0	0	0	0	0	0	0	0	0	0	0	0	0	0	0	0	0	0	0	0	0	0	0	0	0	0	0
