	K	N	R	S	T	I	M	E	D	G	A	V	Q	H	P	L	*	Y	W	C	F	SUM
0	0	0	0	4	1	0	0	0	0	1	12108	2	0	0	1	0	0	0	0	0	0	12117
1	0	0	1	0	0	1	0	0	0	0	0	1	0	0	2	12109	0	0	0	0	3	12117
2	0	1	0	0	3	12104	1	0	0	0	0	2	0	0	0	6	0	0	0	0	0	12117
3	0	0	8	0	0	0	0	0	0	1	0	0	0	0	0	10	3	0	12069	26	0	12117
4	0	3	0	0	0	0	0	2	12086	4	12	0	0	2	0	0	0	8	0	0	0	12117
5	0	3	0	0	0	0	0	0	12089	0	20	2	0	0	0	0	0	3	0	0	0	12117
6	0	0	0	0	0	0	1	0	0	0	0	1	6	0	5	12104	0	0	0	0	0	12117
7	0	0	12030	0	0	0	0	0	0	0	0	0	13	0	3	28	0	0	43	0	0	12117
8	0	7	39	12024	0	38	0	0	0	3	0	0	0	0	0	2	1	0	0	3	0	12117
9	0	0	4	0	0	0	25	0	0	0	0	0	3	0	14	12070	0	0	0	1	0	12117
10	0	0	12	3	0	1	0	0	0	1	0	0	0	0	0	2	17	12	6	12040	23	12117
11	0	0	1	1	1	30	0	0	0	0	0	1	0	0	4	12061	0	0	0	0	18	12117
12	0	0	0	3	3	1	0	0	0	2	0	0	2	0	0	34	0	3	0	0	12069	12117
13	290	245	1074	1070	700	315	134	362	236	1603	759	759	284	427	1455	905	382	286	308	286	237	12117
14	0	1	2	3	1	0	0	0	0	0	0	2	0	18	0	0	5	12003	0	5	77	12117
15	0	34	11	0	1	0	0	0	1	0	0	0	5	12035	5	9	0	16	0	0	0	12117
16	0	0	12015	35	0	0	0	0	0	1	1	0	0	32	3	16	0	0	0	14	0	12117
17	0	0	9	6	0	0	0	0	0	0	0	1	0	0	0	12034	0	0	0	0	67	12117
18	1	0	12040	8	0	40	0	0	9	15	0	0	0	0	0	1	3	0	0	0	0	12117
19	0	0	0	0	0	0	0	5	12066	7	3	4	0	1	0	10	0	21	0	0	0	12117
20	0	0	0	5	0	0	0	0	0	0	0	1	0	0	0	12104	0	0	0	0	7	12117
21	0	0	0	0	0	6	0	0	0	0	0	0	0	3	1	12105	0	0	0	0	2	12117
22	0	0	1	3	0	9	1	0	0	0	0	1	0	0	1	12091	0	0	0	0	10	12117
23	0	1	0	1	1	12102	0	0	0	0	0	12	0	0	0	0	0	0	0	0	0	12117
24	0	0	1	0	9	3	0	0	0	2	3	12097	0	0	0	2	0	0	0	0	0	12117
25	7	0	9	2	12088	0	9	0	0	0	1	0	0	0	0	0	0	0	0	0	0	12116
26	2	0	12026	20	1	0	54	0	0	4	0	0	0	0	0	0	0	0	0	0	0	12107
27	0	0	0	0	0	0	0	0	0	0	0	0	0	0	0	0	0	0	0	0	0	0
28	0	0	0	0	0	0	0	0	0	0	0	0	0	0	0	0	0	0	0	0	0	0
