	AAA	AAG	AAC	AAT	AGA	AGG	AGC	AGT	ACA	ACG	ACC	ACT	ATA	ATG	ATC	ATT	GAA	GAG	GAC	GAT	GGA	GGG	GGC	GGT	GCA	GCG	GCC	GCT	GTA	GTG	GTC	GTT	CAA	CAG	CAC	CAT	CGA	CGG	CGC	CGT	CCA	CCG	CCC	CCT	CTA	CTG	CTC	CTT	TAA	TAG	TAC	TAT	TGA	TGG	TGC	TGT	TCA	TCG	TCC	TCT	TTA	TTG	TTC	TTT	SUM
0	0	0	0	0	0	0	0	0	1	0	0	0	0	0	0	0	0	0	0	0	1	0	0	0	12099	1	7	1	2	0	0	0	0	0	0	0	0	0	0	0	1	0	0	0	0	0	0	0	0	0	0	0	0	0	0	0	4	0	0	0	0	0	0	0	12117
1	0	0	0	0	0	0	0	0	0	0	0	0	0	0	0	1	0	0	0	0	0	0	0	0	0	0	0	0	0	0	0	1	0	0	0	0	0	0	0	1	0	0	0	2	0	0	1	12108	0	0	0	0	0	0	0	0	0	0	0	0	0	0	0	3	12117
2	0	0	1	0	0	0	0	0	0	0	3	0	4	1	12100	0	0	0	0	0	0	0	0	0	0	0	0	0	0	0	2	0	0	0	0	0	0	0	0	0	0	0	0	0	0	0	6	0	0	0	0	0	0	0	0	0	0	0	0	0	0	0	0	0	12117
3	0	0	0	0	0	4	0	0	0	0	0	0	0	0	0	0	0	0	0	0	0	1	0	0	0	0	0	0	0	0	0	0	0	0	0	0	0	4	0	0	0	0	0	0	0	0	0	0	0	1	0	0	2	12069	3	23	0	0	0	0	0	10	0	0	12117
4	0	0	3	0	0	0	0	0	0	0	0	0	0	0	0	0	1	1	12077	9	0	0	4	0	0	0	12	0	0	0	0	0	0	0	2	0	0	0	0	0	0	0	0	0	0	0	0	0	0	0	8	0	0	0	0	0	0	0	0	0	0	0	0	0	12117
5	0	0	0	3	0	0	0	0	0	0	0	0	0	0	0	0	0	0	5	12084	0	0	0	0	0	0	0	20	0	0	0	2	0	0	0	0	0	0	0	0	0	0	0	0	0	0	0	0	0	0	0	3	0	0	0	0	0	0	0	0	0	0	0	0	12117
6	0	0	0	0	0	0	0	0	0	0	0	0	0	1	0	0	0	0	0	0	0	0	0	0	0	0	0	0	0	1	0	0	0	6	0	0	0	0	0	0	0	5	0	0	5	12071	7	19	0	0	0	0	0	0	0	0	0	0	0	0	0	2	0	0	12117
7	0	0	0	0	0	7	0	0	0	0	0	0	0	0	0	0	0	0	0	0	0	0	0	0	0	0	0	0	0	0	0	0	0	13	0	0	4	12001	3	15	0	3	0	0	0	27	0	1	0	0	0	0	0	43	0	0	0	0	0	0	0	0	0	0	12117
8	0	0	7	0	13	0	11995	29	0	0	0	0	0	0	38	0	0	0	0	0	0	0	3	0	0	0	0	0	0	0	0	0	0	0	0	0	0	0	26	0	0	0	0	0	0	0	2	0	0	0	0	0	1	0	3	0	0	0	0	0	0	0	0	0	12117
9	0	0	0	0	0	0	0	0	0	0	0	0	0	25	0	0	0	0	0	0	0	0	0	0	0	0	0	0	0	0	0	0	0	3	0	0	0	4	0	0	0	14	0	0	5	12030	4	14	0	0	0	0	0	0	1	0	0	0	0	0	0	17	0	0	12117
10	0	0	0	0	0	0	2	0	0	0	0	0	0	0	1	0	0	0	0	0	0	0	1	0	0	0	0	0	0	0	0	0	0	0	0	0	0	0	12	0	0	0	0	0	0	0	2	0	0	0	12	0	17	6	11989	51	0	0	1	0	0	0	23	0	12117
11	0	0	0	0	0	0	0	0	1	0	0	0	0	0	30	0	0	0	0	0	0	0	0	0	0	0	0	0	0	0	1	0	0	0	0	0	0	0	1	0	0	0	4	0	62	0	11980	19	0	0	0	0	0	0	0	0	0	0	0	1	0	0	17	1	12117
12	0	0	0	0	0	0	0	1	1	0	0	2	0	0	1	0	0	0	0	0	1	1	0	0	0	0	0	0	0	0	0	0	2	0	0	0	0	0	0	0	0	0	0	0	0	0	3	0	0	0	3	0	0	0	0	0	0	0	2	0	31	0	12030	39	12117
13	128	162	136	109	113	254	244	140	160	170	226	144	108	134	103	104	132	230	116	120	213	918	207	265	133	295	216	115	105	368	127	159	121	163	320	107	143	265	187	112	292	286	652	225	120	177	228	162	91	167	156	130	124	308	144	142	163	157	259	107	96	122	114	123	12117
14	0	0	1	0	0	0	0	0	0	0	1	0	0	0	0	0	0	0	0	0	0	0	0	0	0	0	0	0	0	0	2	0	0	0	18	0	0	0	2	0	0	0	0	0	0	0	0	0	5	0	11993	10	0	0	5	0	0	0	3	0	0	0	77	0	12117
15	0	0	34	0	0	0	0	0	0	0	1	0	0	0	0	0	0	0	1	0	0	0	0	0	0	0	0	0	0	0	0	0	4	1	12030	5	0	0	11	0	0	0	5	0	0	0	8	0	0	0	16	0	0	0	0	0	0	0	0	0	0	1	0	0	12117
16	0	0	0	0	1	0	35	0	0	0	0	0	0	0	0	0	0	0	0	0	0	0	1	0	0	0	1	0	0	0	0	0	0	0	32	0	7	0	11994	13	0	0	3	0	0	0	7	0	0	0	0	0	0	0	14	0	0	0	0	0	0	9	0	0	12117
17	0	0	0	0	9	0	0	0	0	0	0	0	0	0	0	0	0	0	0	0	0	0	0	0	0	0	0	0	0	0	1	0	0	0	0	0	0	0	0	0	0	0	0	0	0	5	0	0	0	0	0	0	0	0	0	0	0	6	0	0	5	12024	1	66	12117
18	1	0	0	0	12037	3	3	5	0	0	0	0	40	0	0	0	0	0	9	0	15	0	0	0	0	0	0	0	0	0	0	0	0	0	0	0	0	0	0	0	0	0	0	0	0	0	0	0	0	0	0	0	3	0	0	0	0	0	0	0	1	0	0	0	12117
19	0	0	0	0	0	0	0	0	0	0	0	0	0	0	0	0	4	1	12065	1	0	0	7	0	0	0	3	0	0	0	4	0	0	0	1	0	0	0	0	0	0	0	0	0	0	0	1	0	0	0	21	0	0	0	0	0	0	0	0	0	9	0	0	0	12117
20	0	0	0	0	0	0	0	0	0	0	0	0	0	0	0	0	0	0	0	0	0	0	0	0	0	0	0	0	1	0	0	0	0	0	0	0	0	0	0	0	0	0	0	0	3	0	9	0	0	0	0	0	0	0	0	0	5	0	0	0	12090	2	2	5	12117
21	0	0	0	0	0	0	0	0	0	0	0	0	0	0	5	1	0	0	0	0	0	0	0	0	0	0	0	0	0	0	0	0	0	0	3	0	0	0	0	0	0	0	1	0	47	0	12049	0	0	0	0	0	0	0	0	0	0	0	0	0	0	9	2	0	12117
22	0	0	0	0	1	0	0	0	0	0	0	0	0	1	0	9	0	0	0	0	0	0	0	0	0	0	0	0	1	0	0	0	0	0	0	0	0	0	0	0	1	0	0	0	0	1	0	0	0	0	0	0	0	0	0	0	0	3	0	0	6	12084	0	10	12117
23	0	0	0	1	0	0	0	1	0	1	0	0	1	0	0	12101	0	0	0	0	0	0	0	0	0	0	0	0	9	0	0	3	0	0	0	0	0	0	0	0	0	0	0	0	0	0	0	0	0	0	0	0	0	0	0	0	0	0	0	0	0	0	0	0	12117
24	0	0	0	0	0	1	0	0	0	9	0	0	3	0	0	0	0	0	0	0	2	0	0	0	3	0	0	0	12093	2	1	1	0	0	0	0	0	0	0	0	0	0	0	0	0	0	0	0	0	0	0	0	0	0	0	0	0	0	0	0	2	0	0	0	12117
25	0	7	0	0	0	9	0	0	7	11989	2	90	0	9	0	0	0	0	0	0	0	0	0	0	0	1	0	0	0	0	0	0	0	0	0	0	0	0	0	0	0	0	0	0	0	0	0	0	0	0	0	0	0	0	0	0	0	2	0	0	0	0	0	0	12116
26	0	2	0	0	2	12023	1	19	0	1	0	0	0	54	0	0	0	0	0	0	0	4	0	0	0	0	0	0	0	0	0	0	0	0	0	0	0	1	0	0	0	0	0	0	0	0	0	0	0	0	0	0	0	0	0	0	0	0	0	0	0	0	0	0	12107
27	0	0	0	0	0	0	0	0	0	0	0	0	0	0	0	0	0	0	0	0	0	0	0	0	0	0	0	0	0	0	0	0	0	0	0	0	0	0	0	0	0	0	0	0	0	0	0	0	0	0	0	0	0	0	0	0	0	0	0	0	0	0	0	0	0
28	0	0	0	0	0	0	0	0	0	0	0	0	0	0	0	0	0	0	0	0	0	0	0	0	0	0	0	0	0	0	0	0	0	0	0	0	0	0	0	0	0	0	0	0	0	0	0	0	0	0	0	0	0	0	0	0	0	0	0	0	0	0	0	0	0
