	K	N	R	S	T	I	M	E	D	G	A	V	Q	H	P	L	*	Y	W	C	F	SUM
0	0	0	0	0	0	0	0	0	0	0	432	0	0	0	0	0	0	0	0	0	0	432
1	0	0	0	0	0	0	0	0	0	0	0	0	0	0	0	432	0	0	0	0	0	432
2	0	0	0	0	0	432	0	0	0	0	0	0	0	0	0	0	0	0	0	0	0	432
3	0	0	0	0	0	0	0	0	0	0	0	0	0	0	0	2	1	0	428	1	0	432
4	0	0	0	0	0	0	0	1	428	0	0	0	0	0	0	0	0	3	0	0	0	432
5	0	1	0	0	0	0	0	0	430	0	0	0	0	0	0	0	0	1	0	0	0	432
6	0	0	0	0	0	0	0	0	0	0	0	0	0	0	0	432	0	0	0	0	0	432
7	0	0	432	0	0	0	0	0	0	0	0	0	0	0	0	0	0	0	0	0	0	432
8	0	0	0	432	0	0	0	0	0	0	0	0	0	0	0	0	0	0	0	0	0	432
9	0	0	0	0	0	0	1	0	0	0	0	0	0	0	1	430	0	0	0	0	0	432
10	0	0	0	0	0	0	0	0	0	0	0	0	0	0	0	0	0	3	0	428	1	432
11	0	0	0	0	0	0	0	0	0	0	0	0	0	0	0	431	0	0	0	0	1	432
12	0	0	0	1	0	0	0	0	0	0	0	0	0	0	0	1	0	0	0	0	430	432
13	0	0	0	429	0	1	0	0	0	1	0	0	0	0	0	0	0	0	1	0	0	432
14	18	13	56	20	15	18	7	16	26	36	14	23	14	13	12	43	24	17	19	22	6	432
15	0	0	1	0	0	0	0	0	0	0	0	0	0	431	0	0	0	0	0	0	0	432
16	0	0	429	0	0	0	0	0	0	1	0	0	0	1	0	1	0	0	0	0	0	432
17	0	0	1	0	0	0	0	0	0	0	0	0	0	0	0	431	0	0	0	0	0	432
18	0	0	431	0	0	0	0	0	1	0	0	0	0	0	0	0	0	0	0	0	0	432
19	0	0	0	0	0	0	0	0	430	0	0	1	0	0	0	1	0	0	0	0	0	432
20	0	0	0	0	0	0	0	0	0	0	0	0	0	0	0	432	0	0	0	0	0	432
21	0	0	0	0	0	0	0	0	0	0	0	0	0	0	0	431	0	0	0	0	1	432
22	0	0	0	0	0	1	0	0	0	0	0	0	0	0	0	431	0	0	0	0	0	432
23	0	0	0	0	0	431	0	0	0	0	0	1	0	0	0	0	0	0	0	0	0	432
24	0	0	0	0	1	0	0	0	0	0	0	430	0	0	0	1	0	0	0	0	0	432
25	0	0	1	0	431	0	0	0	0	0	0	0	0	0	0	0	0	0	0	0	0	432
26	0	0	418	5	0	0	8	0	0	0	0	0	0	0	0	0	0	0	0	0	0	431
27	0	0	0	0	0	0	0	0	0	0	0	0	0	0	0	0	0	0	0	0	0	0
28	0	0	0	0	0	0	0	0	0	0	0	0	0	0	0	0	0	0	0	0	0	0
