	K	N	R	S	T	I	M	E	D	G	A	V	Q	H	P	L	*	Y	W	C	F	SUM
0	0	0	0	5	1	0	0	1	0	2	11887	3	0	0	1	0	0	0	0	0	0	11900
1	0	0	0	0	0	1	0	0	0	0	0	1	0	2	4	11891	0	0	0	0	1	11900
2	0	1	0	0	2	11885	0	0	0	0	0	2	0	0	0	10	0	0	0	0	0	11900
3	0	0	3	0	0	0	0	0	0	1	0	0	0	0	0	12	6	0	11862	15	1	11900
4	0	3	0	1	0	0	0	14	11848	5	13	1	0	0	0	0	0	15	0	0	0	11900
5	0	9	0	0	0	0	0	2	11863	0	17	0	0	1	0	0	0	8	0	0	0	11900
6	0	0	1	0	0	0	7	0	0	0	0	3	4	0	2	11883	0	0	0	0	0	11900
7	0	0	11872	1	0	0	0	0	0	0	0	0	4	0	2	5	0	0	16	0	0	11900
8	0	1	27	11842	1	15	0	0	0	3	0	0	0	0	0	1	0	0	0	9	1	11900
9	0	0	2	0	0	0	5	0	0	0	0	0	5	0	13	11873	0	0	0	1	1	11900
10	0	0	11	6	0	0	0	0	0	1	0	1	0	0	0	1	6	6	2	11851	15	11900
11	0	0	0	1	0	9	0	0	0	0	0	1	0	0	2	11879	0	0	0	0	8	11900
12	0	0	0	6	2	1	0	0	0	0	0	0	0	0	0	9	0	1	0	0	11881	11900
13	0	5	6	11861	4	10	0	0	0	7	2	0	1	0	1	0	0	2	0	1	0	11900
14	0	4	2	7	0	0	0	1	0	0	0	6	0	6	18	1	3	11812	0	0	40	11900
15	325	259	594	827	740	372	197	667	407	228	1325	1258	400	564	1363	1062	443	342	47	157	323	11900
16	0	0	11866	0	0	0	0	0	0	3	1	0	0	15	1	8	0	0	0	6	0	11900
17	0	0	2	2	0	0	1	0	1	0	0	0	0	0	0	11885	0	0	0	0	9	11900
18	1	0	11863	14	2	9	0	1	2	3	0	0	0	0	0	2	1	0	0	1	0	11899
19	0	0	1	0	0	1	0	4	11874	5	3	3	0	0	0	3	0	4	0	0	0	11898
20	0	0	0	1	0	2	0	0	0	0	0	3	0	0	0	11885	2	0	0	0	5	11898
21	0	0	0	0	1	3	0	0	0	0	0	1	0	1	2	11888	0	0	0	0	2	11898
22	0	0	1	0	0	2	1	0	0	0	0	2	0	0	0	11888	1	0	0	0	3	11898
23	0	1	0	0	4	11882	0	0	0	0	0	4	0	0	0	2	0	0	0	0	4	11897
24	1	0	2	0	1	1	0	2	0	0	2	11866	0	0	0	21	1	0	0	0	0	11897
25	26	0	3	2	11861	0	2	0	0	0	1	0	0	0	0	0	0	0	0	0	0	11895
26	3	0	11798	40	0	0	48	0	0	4	0	0	0	0	0	0	0	0	0	0	0	11893
27	0	0	0	0	0	0	0	0	0	0	0	0	0	0	0	0	0	0	0	0	0	0
28	0	0	0	0	0	0	0	0	0	0	0	0	0	0	0	0	0	0	0	0	0	0
