	AAA	AAG	AAC	AAT	AGA	AGG	AGC	AGT	ACA	ACG	ACC	ACT	ATA	ATG	ATC	ATT	GAA	GAG	GAC	GAT	GGA	GGG	GGC	GGT	GCA	GCG	GCC	GCT	GTA	GTG	GTC	GTT	CAA	CAG	CAC	CAT	CGA	CGG	CGC	CGT	CCA	CCG	CCC	CCT	CTA	CTG	CTC	CTT	TAA	TAG	TAC	TAT	TGA	TGG	TGC	TGT	TCA	TCG	TCC	TCT	TTA	TTG	TTC	TTT	SUM
0	0	0	0	0	0	0	0	0	1	0	0	0	0	0	0	0	1	0	0	0	2	0	0	0	11875	2	7	3	3	0	0	0	0	0	0	0	0	0	0	0	1	0	0	0	0	0	0	0	0	0	0	0	0	0	0	0	5	0	0	0	0	0	0	0	11900
1	0	0	0	0	0	0	0	0	0	0	0	0	0	0	0	1	0	0	0	0	0	0	0	0	0	0	0	0	0	0	0	1	0	0	0	2	0	0	0	0	0	0	0	4	0	0	2	11889	0	0	0	0	0	0	0	0	0	0	0	0	0	0	0	1	11900
2	0	0	1	0	0	0	0	0	0	0	2	0	1	0	11882	2	0	0	0	0	0	0	0	0	0	0	0	0	0	0	2	0	0	0	0	0	0	0	0	0	0	0	0	0	0	0	10	0	0	0	0	0	0	0	0	0	0	0	0	0	0	0	0	0	11900
3	0	0	0	0	0	2	0	0	0	0	0	0	0	0	0	0	0	0	0	0	0	1	0	0	0	0	0	0	0	0	0	0	0	0	0	0	0	1	0	0	0	0	0	0	0	0	0	0	0	2	0	0	4	11862	3	12	0	0	0	0	0	12	0	1	11900
4	0	0	3	0	0	0	0	0	0	0	0	0	0	0	0	0	13	1	11830	18	0	0	5	0	0	0	13	0	0	0	1	0	0	0	0	0	0	0	0	0	0	0	0	0	0	0	0	0	0	0	15	0	0	0	0	0	0	0	1	0	0	0	0	0	11900
5	0	0	0	9	0	0	0	0	0	0	0	0	0	0	0	0	0	2	1	11862	0	0	0	0	0	0	0	17	0	0	0	0	0	0	0	1	0	0	0	0	0	0	0	0	0	0	0	0	0	0	0	8	0	0	0	0	0	0	0	0	0	0	0	0	11900
6	0	0	0	0	0	0	0	0	0	0	0	0	0	7	0	0	0	0	0	0	0	0	0	0	0	0	0	0	0	3	0	0	0	4	0	0	0	1	0	0	0	2	0	0	4	11864	3	4	0	0	0	0	0	0	0	0	0	0	0	0	0	8	0	0	11900
7	0	0	0	0	0	1	0	1	0	0	0	0	0	0	0	0	0	0	0	0	0	0	0	0	0	0	0	0	0	0	0	0	0	4	0	0	4	11859	5	3	0	2	0	0	0	4	0	1	0	0	0	0	0	16	0	0	0	0	0	0	0	0	0	0	11900
8	0	0	1	0	3	2	11827	15	0	0	1	0	0	0	15	0	0	0	0	0	0	0	3	0	0	0	0	0	0	0	0	0	0	0	0	0	0	0	22	0	0	0	0	0	0	1	0	0	0	0	0	0	0	0	8	1	0	0	0	0	0	0	1	0	11900
9	0	0	0	0	0	0	0	0	0	0	0	0	0	5	0	0	0	0	0	0	0	0	0	0	0	0	0	0	0	0	0	0	0	5	0	0	0	2	0	0	0	12	0	1	2	11841	3	13	0	0	0	0	0	0	1	0	0	0	0	0	0	14	0	1	11900
10	0	0	0	0	0	0	4	0	0	0	0	0	0	0	0	0	0	0	0	0	0	0	1	0	0	0	0	0	0	1	0	0	0	0	0	0	0	0	10	1	0	0	0	0	0	0	1	0	0	0	6	0	6	2	11822	29	0	0	2	0	0	0	15	0	11900
11	0	0	0	0	0	0	0	1	0	0	0	0	0	0	9	0	0	0	0	0	0	0	0	0	0	0	0	0	0	0	1	0	0	0	0	0	0	0	0	0	0	0	1	1	13	0	11828	38	0	0	0	0	0	0	0	0	0	0	0	0	0	0	8	0	11900
12	0	0	0	0	0	0	2	0	0	0	2	0	0	0	1	0	0	0	0	0	0	0	0	0	0	0	0	0	0	0	0	0	0	0	0	0	0	0	0	0	0	0	0	0	0	0	3	1	0	0	1	0	0	0	0	0	2	0	2	0	5	0	11870	11	11900
13	0	0	5	0	0	0	11817	44	0	0	4	0	0	0	9	1	0	0	0	0	0	0	7	0	0	0	0	2	0	0	0	0	0	1	0	0	0	0	6	0	0	1	0	0	0	0	0	0	0	0	1	1	0	0	1	0	0	0	0	0	0	0	0	0	11900
14	0	0	4	0	1	0	1	0	0	0	0	0	0	0	0	0	0	1	0	0	0	0	0	0	0	0	0	0	0	0	5	1	0	0	5	1	0	0	1	0	0	0	18	0	1	0	0	0	2	1	11798	14	0	0	0	0	0	0	5	1	0	0	40	0	11900
15	128	197	190	69	48	52	77	53	139	224	194	183	117	197	139	116	168	499	218	189	45	51	76	56	190	588	356	191	208	546	245	259	160	240	393	171	83	106	206	99	213	379	501	270	141	252	103	185	134	251	188	154	58	47	105	52	140	202	188	167	129	252	152	171	11900
16	0	0	0	0	1	0	0	0	0	0	0	0	0	0	0	0	0	0	0	0	0	0	3	0	0	1	0	0	0	0	0	0	0	0	15	0	6	3	11834	22	0	0	1	0	0	0	5	0	0	0	0	0	0	0	6	0	0	0	0	0	1	2	0	0	11900
17	0	0	0	0	2	0	0	0	0	0	0	0	0	1	0	0	0	0	1	0	0	0	0	0	0	0	0	0	0	0	0	0	0	0	0	0	0	0	0	0	0	0	0	0	0	2	1	1	0	0	0	0	0	0	0	0	0	2	0	0	3	11878	2	7	11900
18	1	0	0	0	11859	3	5	9	2	0	0	0	9	0	0	0	0	1	2	0	3	0	0	0	0	0	0	0	0	0	0	0	0	0	0	0	1	0	0	0	0	0	0	0	0	0	0	0	0	0	0	0	1	0	1	0	0	0	0	0	1	1	0	0	11899
19	0	0	0	0	1	0	0	0	0	0	0	0	0	0	0	1	4	0	11872	2	0	0	5	0	0	0	3	0	0	0	3	0	0	0	0	0	0	0	0	0	0	0	0	0	0	0	1	0	0	0	4	0	0	0	0	0	0	0	0	0	2	0	0	0	11898
20	0	0	0	0	0	0	0	0	0	0	0	0	2	0	0	0	0	0	0	0	0	0	0	0	0	0	0	0	3	0	0	0	0	0	0	0	0	0	0	0	0	0	0	0	2	0	2	0	1	0	0	0	1	0	0	0	1	0	0	0	11875	6	1	4	11898
21	0	0	0	0	0	0	0	0	0	1	0	0	0	0	2	1	0	0	0	0	0	0	0	0	0	0	0	0	0	0	1	0	0	0	1	0	0	0	0	0	0	0	2	0	5	1	11880	0	0	0	0	0	0	0	0	0	0	0	0	0	0	2	2	0	11898
22	0	0	0	0	0	1	0	0	0	0	0	0	0	1	0	2	0	0	0	0	0	0	0	0	0	0	0	0	1	1	0	0	0	0	0	0	0	0	0	0	0	0	0	0	0	3	0	0	0	1	0	0	0	0	0	0	0	0	0	0	1	11884	0	3	11898
23	0	0	0	1	0	0	0	0	0	1	0	3	0	0	1	11881	0	0	0	0	0	0	0	0	0	0	0	0	2	0	0	2	0	0	0	0	0	0	0	0	0	0	0	0	0	0	0	1	0	0	0	0	0	0	0	0	0	0	0	0	0	1	0	4	11897
24	0	1	0	0	0	2	0	0	0	1	0	0	1	0	0	0	2	0	0	0	0	0	0	0	2	0	0	0	11865	0	0	1	0	0	0	0	0	0	0	0	0	0	0	0	0	0	0	0	1	0	0	0	0	0	0	0	0	0	0	0	21	0	0	0	11897
25	0	26	0	0	0	2	0	0	5	11794	0	62	0	2	0	0	0	0	0	0	0	0	0	0	0	1	0	0	0	0	0	0	0	0	0	0	1	0	0	0	0	0	0	0	0	0	0	0	0	0	0	0	0	0	0	0	0	2	0	0	0	0	0	0	11895
26	0	3	0	0	1	11796	0	40	0	0	0	0	0	48	0	0	0	0	0	0	1	2	0	1	0	0	0	0	0	0	0	0	0	0	0	0	0	1	0	0	0	0	0	0	0	0	0	0	0	0	0	0	0	0	0	0	0	0	0	0	0	0	0	0	11893
27	0	0	0	0	0	0	0	0	0	0	0	0	0	0	0	0	0	0	0	0	0	0	0	0	0	0	0	0	0	0	0	0	0	0	0	0	0	0	0	0	0	0	0	0	0	0	0	0	0	0	0	0	0	0	0	0	0	0	0	0	0	0	0	0	0
28	0	0	0	0	0	0	0	0	0	0	0	0	0	0	0	0	0	0	0	0	0	0	0	0	0	0	0	0	0	0	0	0	0	0	0	0	0	0	0	0	0	0	0	0	0	0	0	0	0	0	0	0	0	0	0	0	0	0	0	0	0	0	0	0	0
