	AAA	AAG	AAC	AAT	AGA	AGG	AGC	AGT	ACA	ACG	ACC	ACT	ATA	ATG	ATC	ATT	GAA	GAG	GAC	GAT	GGA	GGG	GGC	GGT	GCA	GCG	GCC	GCT	GTA	GTG	GTC	GTT	CAA	CAG	CAC	CAT	CGA	CGG	CGC	CGT	CCA	CCG	CCC	CCT	CTA	CTG	CTC	CTT	TAA	TAG	TAC	TAT	TGA	TGG	TGC	TGT	TCA	TCG	TCC	TCT	TTA	TTG	TTC	TTT	SUM
0	0	0	0	0	0	0	0	0	4	0	0	0	0	0	0	0	1	0	0	0	1	0	0	0	10303	3	11	2	1	0	0	0	0	0	0	0	0	0	0	0	1	0	0	0	0	0	0	0	0	0	0	0	0	0	0	0	9	0	0	0	0	0	0	0	10336
1	0	0	0	0	0	0	0	0	0	0	0	0	0	0	0	1	0	0	0	0	0	0	0	0	0	0	0	0	0	0	0	0	0	0	0	1	0	0	0	0	0	0	0	5	1	0	2	10322	0	0	0	0	0	0	0	0	0	0	0	0	0	0	0	4	10336
2	0	0	0	0	0	0	0	0	0	0	4	0	1	0	10323	0	0	0	0	0	0	0	0	0	0	0	0	0	0	0	2	0	0	0	0	0	0	0	0	0	0	0	0	0	0	0	5	0	0	0	0	0	0	0	0	0	0	0	0	0	0	0	1	0	10336
3	0	0	0	0	0	0	0	0	0	0	0	0	0	0	0	0	0	0	0	0	0	0	0	0	0	0	0	0	0	0	0	0	0	0	0	0	0	1	0	0	0	0	0	0	0	0	0	0	0	4	0	0	5	10308	0	9	0	0	0	0	0	9	0	0	10336
4	0	0	2	0	0	0	0	0	0	0	0	0	0	0	0	0	0	0	10295	10	0	0	4	0	0	0	16	0	0	0	4	0	0	0	0	0	0	0	0	0	0	0	0	0	0	0	0	0	0	0	5	0	0	0	0	0	0	0	0	0	0	0	0	0	10336
5	0	0	0	3	0	0	0	0	0	0	0	0	0	0	0	0	2	1	1	10292	0	0	0	2	0	0	1	23	0	0	0	10	0	0	0	0	0	0	0	0	0	0	0	0	0	0	0	0	0	0	0	1	0	0	0	0	0	0	0	0	0	0	0	0	10336
6	0	0	0	0	0	0	0	0	0	0	0	0	0	2	0	0	0	0	0	0	0	0	0	0	0	0	0	0	0	0	0	0	0	0	0	0	0	0	0	0	0	2	0	0	2	10310	3	5	0	0	0	0	0	0	0	0	0	0	0	0	0	12	0	0	10336
7	0	0	0	0	0	0	0	0	0	0	0	0	0	0	0	0	0	0	0	0	0	1	0	0	0	0	0	0	0	0	0	0	0	4	0	0	1	10305	1	7	0	3	0	0	0	5	0	0	0	0	0	0	0	9	0	0	0	0	0	0	0	0	0	0	10336
8	0	0	1	0	6	0	10249	14	0	0	3	0	0	0	8	0	0	0	0	0	0	0	2	0	0	0	0	0	0	0	0	0	0	0	0	0	0	0	41	0	0	0	2	0	0	0	0	0	0	0	0	0	0	0	9	1	0	0	0	0	0	0	0	0	10336
9	0	0	0	0	0	0	0	0	0	0	0	0	0	3	0	0	0	0	0	0	0	0	0	0	0	0	0	0	0	0	0	0	0	2	0	0	0	1	0	0	0	15	0	0	1	10275	0	8	0	0	0	0	0	0	0	0	0	0	0	0	0	29	0	2	10336
10	0	0	0	0	0	0	2	0	0	0	0	0	0	0	0	0	0	0	0	0	0	0	0	0	0	0	0	0	0	0	0	0	0	0	0	0	0	0	2	0	0	0	0	0	0	0	0	0	0	0	7	0	6	1	10262	37	0	0	3	0	0	0	15	1	10336
11	0	0	0	0	0	0	0	0	0	0	0	0	0	0	10	0	0	0	0	0	0	0	0	0	0	0	0	0	0	0	0	0	0	0	1	0	0	0	0	0	0	0	2	0	12	0	10294	16	0	0	0	0	0	0	0	0	0	0	0	0	0	0	1	0	10336
12	0	0	0	0	0	0	0	0	0	0	11	0	0	0	6	0	0	0	1	0	0	0	0	0	0	0	0	0	0	0	0	0	0	0	0	0	0	0	0	0	0	0	0	0	0	0	2	0	0	0	0	0	0	0	0	0	0	0	0	0	2	0	10290	24	10336
13	0	0	10	0	1	3	10225	79	0	0	1	0	0	0	8	0	0	0	0	0	0	0	3	0	0	0	0	0	0	0	0	0	0	0	0	0	0	0	1	0	0	0	0	0	0	0	1	0	0	0	0	0	0	0	3	0	0	0	0	0	1	0	0	0	10336
14	0	0	0	0	0	0	0	0	0	0	0	0	0	0	0	0	0	0	0	0	0	0	0	0	0	0	0	0	0	0	37	0	0	0	3	0	0	0	0	0	0	0	34	0	0	0	0	1	0	0	10212	4	0	1	4	0	0	0	2	0	0	0	37	1	10336
15	0	0	4	0	0	0	0	0	0	0	0	0	0	0	0	0	0	0	0	0	0	0	0	0	0	0	0	0	0	1	0	0	3	0	10316	0	0	0	2	0	0	0	5	0	0	0	2	0	0	0	3	0	0	0	0	0	0	0	0	0	0	0	0	0	10336
16	130	183	122	95	99	178	107	180	177	197	167	163	86	134	61	143	155	292	83	144	241	783	173	177	98	289	82	114	155	228	188	129	65	132	83	111	189	229	502	111	109	127	229	87	73	212	112	144	79	207	113	183	148	229	122	164	161	135	103	88	140	183	107	106	10336
17	0	0	0	0	0	0	0	0	0	0	0	0	0	1	0	0	0	0	0	0	0	0	0	0	0	0	0	0	1	1	0	0	0	0	0	0	0	0	0	0	0	0	0	0	0	0	0	0	0	1	0	0	0	2	0	0	0	1	0	0	2	10319	1	7	10336
18	15	0	0	0	10293	1	2	3	1	1	0	0	3	0	0	0	1	0	0	0	9	1	0	0	0	0	0	0	0	0	0	0	0	0	0	0	3	0	0	0	0	0	0	0	0	0	0	0	0	0	0	0	2	0	0	0	0	0	0	0	0	0	0	0	10335
19	0	0	0	0	0	0	0	1	0	0	0	0	0	0	0	0	2	2	10310	5	0	0	1	0	0	0	3	1	0	0	5	0	0	0	1	0	0	0	0	0	0	0	0	0	0	0	0	0	0	0	4	0	0	0	0	0	0	0	0	0	0	0	0	0	10335
20	0	0	0	0	0	0	0	0	0	0	0	0	1	0	0	0	0	0	0	0	0	0	0	0	0	0	0	0	0	1	0	0	0	0	0	0	0	0	0	0	0	0	0	0	1	0	0	0	0	0	1	0	1	0	0	0	0	0	0	0	10324	0	1	4	10334
21	0	0	0	0	0	0	0	0	0	0	0	0	0	0	2	0	0	0	0	0	0	0	0	0	0	0	0	0	0	1	0	0	0	0	0	0	0	0	1	0	0	0	0	0	5	1	10322	1	0	0	0	0	0	0	0	0	0	0	0	0	0	0	1	0	10334
22	0	0	0	0	0	0	0	0	0	0	0	0	0	1	0	0	0	0	0	0	0	0	0	0	0	0	0	0	0	0	0	0	0	0	0	0	0	0	0	0	0	0	0	0	0	16	0	0	0	0	0	0	0	0	0	0	0	1	0	0	7	10284	0	25	10334
23	0	0	0	1	0	0	0	1	0	0	0	1	0	0	0	10329	0	0	0	0	0	0	0	0	0	0	0	0	1	0	0	0	0	0	0	0	0	0	0	0	0	0	0	0	0	0	0	0	0	0	0	0	0	0	0	0	0	0	0	0	0	0	0	1	10334
24	0	0	0	0	0	0	0	0	0	1	0	0	2	0	0	0	2	0	0	0	0	0	0	0	3	0	0	0	10294	0	0	0	0	0	0	0	0	0	0	0	0	0	0	0	0	0	0	0	0	0	0	0	0	0	0	0	0	0	0	0	32	0	0	0	10334
25	0	0	0	0	0	1	0	0	4	10315	0	11	0	0	0	0	0	0	0	0	0	0	0	0	0	0	0	0	0	0	0	0	0	0	0	0	0	0	0	0	0	2	0	0	0	0	0	0	0	0	0	0	0	0	0	0	0	1	0	0	0	0	0	0	10334
26	0	0	0	0	0	10312	0	0	0	9	0	0	0	11	0	0	0	0	0	0	0	0	0	0	0	0	0	0	0	0	0	0	0	0	0	0	0	1	0	0	0	0	0	0	0	0	0	0	0	0	0	0	0	0	0	0	0	0	0	0	0	0	0	0	10333
27	0	0	0	0	0	0	0	0	0	0	0	0	0	0	0	0	0	0	0	0	0	0	0	0	0	0	0	0	0	0	0	0	0	0	0	0	0	0	0	0	0	0	0	0	0	0	0	0	0	0	0	0	0	0	0	0	0	0	0	0	0	0	0	0	0
28	0	0	0	0	0	0	0	0	0	0	0	0	0	0	0	0	0	0	0	0	0	0	0	0	0	0	0	0	0	0	0	0	0	0	0	0	0	0	0	0	0	0	0	0	0	0	0	0	0	0	0	0	0	0	0	0	0	0	0	0	0	0	0	0	0
