	K	N	R	S	T	I	M	E	D	G	A	V	Q	H	P	L	*	Y	W	C	F	SUM
0	0	0	0	9	4	0	0	1	0	1	10319	1	0	0	1	0	0	0	0	0	0	10336
1	0	0	0	0	0	1	0	0	0	0	0	0	0	1	5	10325	0	0	0	0	4	10336
2	0	0	0	0	4	10324	0	0	0	0	0	2	0	0	0	5	0	0	0	0	1	10336
3	0	0	1	0	0	0	0	0	0	0	0	0	0	0	0	9	9	0	10308	9	0	10336
4	0	2	0	0	0	0	0	0	10305	4	16	4	0	0	0	0	0	5	0	0	0	10336
5	0	3	0	0	0	0	0	3	10293	2	24	10	0	0	0	0	0	1	0	0	0	10336
6	0	0	0	0	0	0	2	0	0	0	0	0	0	0	2	10332	0	0	0	0	0	10336
7	0	0	10314	0	0	0	0	0	0	1	0	0	4	0	3	5	0	0	9	0	0	10336
8	0	1	47	10263	3	8	0	0	0	2	0	0	0	0	2	0	0	0	0	10	0	10336
9	0	0	1	0	0	0	3	0	0	0	0	0	2	0	15	10313	0	0	0	0	2	10336
10	0	0	2	5	0	0	0	0	0	0	0	0	0	0	0	0	6	7	1	10299	16	10336
11	0	0	0	0	0	10	0	0	0	0	0	0	0	1	2	10322	0	0	0	0	1	10336
12	0	0	0	0	11	6	0	0	1	0	0	0	0	0	0	4	0	0	0	0	10314	10336
13	0	10	5	10304	1	8	0	0	0	3	0	0	0	0	0	2	0	0	0	3	0	10336
14	0	0	0	2	0	0	0	0	0	0	0	37	0	3	34	1	0	10216	1	4	38	10336
15	0	4	2	0	0	0	0	0	0	0	0	1	3	10316	5	2	0	3	0	0	0	10336
16	313	217	1308	774	704	290	134	447	227	1374	583	700	197	194	552	864	434	296	229	286	213	10336
17	0	0	0	1	0	0	1	0	0	0	0	2	0	0	0	10321	1	0	2	0	8	10336
18	15	0	10297	5	2	3	0	1	0	10	0	0	0	0	0	0	2	0	0	0	0	10335
19	0	0	0	1	0	0	0	4	10315	1	4	5	0	1	0	0	0	4	0	0	0	10335
20	0	0	0	0	0	1	0	0	0	0	0	1	0	0	0	10325	1	1	0	0	5	10334
21	0	0	1	0	0	2	0	0	0	0	0	1	0	0	0	10329	0	0	0	0	1	10334
22	0	0	0	1	0	0	1	0	0	0	0	0	0	0	0	10307	0	0	0	0	25	10334
23	0	1	0	1	1	10329	0	0	0	0	0	1	0	0	0	0	0	0	0	0	1	10334
24	0	0	0	0	1	2	0	2	0	0	3	10294	0	0	0	32	0	0	0	0	0	10334
25	0	0	1	1	10330	0	0	0	0	0	0	0	0	0	2	0	0	0	0	0	0	10334
26	0	0	10313	0	9	0	11	0	0	0	0	0	0	0	0	0	0	0	0	0	0	10333
27	0	0	0	0	0	0	0	0	0	0	0	0	0	0	0	0	0	0	0	0	0	0
28	0	0	0	0	0	0	0	0	0	0	0	0	0	0	0	0	0	0	0	0	0	0
