	K	N	R	S	T	I	M	E	D	G	A	V	Q	H	P	L	*	Y	W	C	F	SUM
0	0	0	0	7	1	0	0	0	0	1	9468	1	0	0	0	0	0	0	0	0	0	9478
1	0	0	0	0	0	1	0	0	0	0	0	1	0	0	2	9474	0	0	0	0	0	9478
2	0	0	0	0	0	9468	1	0	0	0	0	2	0	0	0	5	0	0	0	0	2	9478
3	0	0	1	3	0	0	0	0	0	0	0	0	0	0	0	3	3	0	9454	14	0	9478
4	0	1	0	0	0	0	0	45	9399	3	15	1	0	4	0	0	1	9	0	0	0	9478
5	0	3	0	0	0	0	0	0	9400	1	14	0	0	1	0	0	0	59	0	0	0	9478
6	0	0	0	0	0	0	2	0	0	0	0	0	2	0	3	9471	0	0	0	0	0	9478
7	0	0	9336	0	0	0	0	0	0	0	0	0	30	0	0	86	0	0	26	0	0	9478
8	0	3	29	9428	0	12	0	0	0	0	0	0	0	0	0	0	0	0	0	6	0	9478
9	0	0	1	0	0	0	71	0	0	0	0	1	0	0	58	9346	0	0	0	0	1	9478
10	0	0	8	5	0	0	0	0	0	0	0	0	0	0	0	2	22	40	0	9392	9	9478
11	0	0	0	0	0	5	0	0	0	0	0	0	0	1	3	9460	0	0	0	0	9	9478
12	0	0	0	1	0	0	0	0	0	0	0	0	0	0	0	4	0	0	0	0	9473	9478
13	0	1	5	9442	2	22	0	0	0	4	0	0	0	0	0	0	0	0	0	1	1	9478
14	0	0	0	6	0	0	0	0	0	0	0	53	0	3	71	0	1	9316	0	0	28	9478
15	0	2	3	0	0	0	0	0	2	0	0	0	1	9453	5	9	0	2	0	0	0	9477
16	0	0	9451	7	0	0	0	0	0	0	0	0	0	11	2	4	0	0	0	2	0	9477
17	220	396	464	634	934	385	174	401	470	757	638	621	415	170	862	985	94	260	130	198	269	9477
18	1	0	9459	5	0	1	0	0	0	5	0	0	0	0	0	1	5	0	0	0	0	9477
19	0	0	0	1	0	1	0	2	9463	2	2	3	0	0	0	0	0	3	0	0	0	9477
20	0	0	0	3	0	0	0	0	0	0	0	2	0	0	0	9460	0	0	0	0	12	9477
21	0	0	1	0	1	0	0	0	0	0	0	0	0	0	0	9475	0	0	0	0	0	9477
22	0	0	1	2	0	0	1	0	0	0	0	2	0	0	0	9465	2	0	0	0	4	9477
23	0	0	0	2	1	9471	0	0	0	0	0	0	0	0	0	1	0	0	0	0	1	9476
24	0	0	0	0	0	2	0	2	0	0	3	9467	0	0	0	1	1	0	0	0	0	9476
25	0	0	1	0	9470	1	3	0	0	0	0	0	0	0	1	0	0	0	0	0	0	9476
26	3	0	9427	4	0	0	41	0	0	1	0	0	0	0	0	0	0	0	0	0	0	9476
27	0	0	0	0	0	0	0	0	0	0	0	0	0	0	0	0	0	0	0	0	0	0
28	0	0	0	0	0	0	0	0	0	0	0	0	0	0	0	0	0	0	0	0	0	0
