	AAA	AAG	AAC	AAT	AGA	AGG	AGC	AGT	ACA	ACG	ACC	ACT	ATA	ATG	ATC	ATT	GAA	GAG	GAC	GAT	GGA	GGG	GGC	GGT	GCA	GCG	GCC	GCT	GTA	GTG	GTC	GTT	CAA	CAG	CAC	CAT	CGA	CGG	CGC	CGT	CCA	CCG	CCC	CCT	CTA	CTG	CTC	CTT	TAA	TAG	TAC	TAT	TGA	TGG	TGC	TGT	TCA	TCG	TCC	TCT	TTA	TTG	TTC	TTT	SUM
0	0	0	0	0	0	0	0	0	1	0	0	0	0	0	0	0	0	0	0	0	1	0	0	0	9460	3	4	1	1	0	0	0	0	0	0	0	0	0	0	0	0	0	0	0	0	0	0	0	0	0	0	0	0	0	0	0	6	0	1	0	0	0	0	0	9478
1	0	0	0	0	0	0	0	0	0	0	0	0	0	0	0	1	0	0	0	0	0	0	0	0	0	0	0	0	0	0	0	1	0	0	0	0	0	0	0	0	0	0	0	2	1	1	2	9470	0	0	0	0	0	0	0	0	0	0	0	0	0	0	0	0	9478
2	0	0	0	0	0	0	0	0	0	0	0	0	4	1	9463	1	0	0	0	0	0	0	0	0	0	0	0	0	0	0	2	0	0	0	0	0	0	0	0	0	0	0	0	0	0	0	5	0	0	0	0	0	0	0	0	0	0	0	0	0	0	0	2	0	9478
3	0	0	0	0	0	0	0	0	0	0	0	0	0	0	0	0	0	0	0	0	0	0	0	0	0	0	0	0	0	0	0	0	0	0	0	0	0	1	0	0	0	0	0	0	0	0	0	0	0	0	0	0	3	9454	2	12	0	3	0	0	0	3	0	0	9478
4	0	0	1	0	0	0	0	0	0	0	0	0	0	0	0	0	45	0	9396	3	0	0	3	0	0	0	15	0	0	0	1	0	0	0	4	0	0	0	0	0	0	0	0	0	0	0	0	0	1	0	9	0	0	0	0	0	0	0	0	0	0	0	0	0	9478
5	0	0	0	3	0	0	0	0	0	0	0	0	0	0	0	0	0	0	0	9400	0	0	0	1	0	0	0	14	0	0	0	0	0	0	0	1	0	0	0	0	0	0	0	0	0	0	0	0	0	0	0	59	0	0	0	0	0	0	0	0	0	0	0	0	9478
6	0	0	0	0	0	0	0	0	0	0	0	0	0	2	0	0	0	0	0	0	0	0	0	0	0	0	0	0	0	0	0	0	0	2	0	0	0	0	0	0	0	3	0	0	2	9436	2	30	0	0	0	0	0	0	0	0	0	0	0	0	0	1	0	0	9478
7	0	0	0	0	0	46	0	0	0	0	0	0	0	0	0	0	0	0	0	0	0	0	0	0	0	0	0	0	0	0	0	0	0	30	0	0	4	9215	3	68	0	0	0	0	0	85	0	1	0	0	0	0	0	26	0	0	0	0	0	0	0	0	0	0	9478
8	0	0	3	0	11	0	9382	46	0	0	0	0	0	0	12	0	0	0	0	0	0	0	0	0	0	0	0	0	0	0	0	0	0	0	0	0	0	0	16	2	0	0	0	0	0	0	0	0	0	0	0	0	0	0	6	0	0	0	0	0	0	0	0	0	9478
9	0	0	0	0	0	0	0	0	0	0	0	0	0	71	0	0	0	0	0	0	0	0	0	0	0	0	0	0	0	1	0	0	0	0	0	0	0	1	0	0	1	57	0	0	52	9266	0	13	0	0	0	0	0	0	0	0	0	0	0	0	0	15	0	1	9478
10	0	0	0	0	0	0	3	0	0	0	0	0	0	0	0	0	0	0	0	0	0	0	0	0	0	0	0	0	0	0	0	0	0	0	0	0	0	0	8	0	0	0	0	0	0	0	1	0	0	0	40	0	22	0	9355	37	0	0	2	0	1	0	9	0	9478
11	0	0	0	0	0	0	0	0	0	0	0	0	0	0	5	0	0	0	0	0	0	0	0	0	0	0	0	0	0	0	0	0	0	0	1	0	0	0	0	0	0	0	3	0	3	1	9415	41	0	0	0	0	0	0	0	0	0	0	0	0	0	0	8	1	9478
12	0	0	0	0	0	0	0	0	0	0	0	0	0	0	0	0	0	0	0	0	0	0	0	0	0	0	0	0	0	0	0	0	0	0	0	0	0	0	0	0	0	0	0	0	0	0	1	0	0	0	0	0	0	0	0	0	0	0	1	0	2	1	9463	10	9478
13	0	0	1	0	1	0	9348	94	0	0	2	0	0	0	21	1	0	0	0	0	0	0	4	0	0	0	0	0	0	0	0	0	0	0	0	0	0	0	4	0	0	0	0	0	0	0	0	0	0	0	0	0	0	0	1	0	0	0	0	0	0	0	1	0	9478
14	0	0	0	0	0	0	0	0	0	0	0	0	0	0	0	0	0	0	0	0	0	0	0	0	0	0	0	0	0	0	53	0	0	0	3	0	0	0	0	0	0	0	71	0	0	0	0	0	1	0	9315	1	0	0	0	0	0	0	6	0	0	0	27	1	9478
15	0	0	2	0	0	0	0	0	0	0	0	0	0	0	0	0	0	0	2	0	0	0	0	0	0	0	0	0	0	0	0	0	0	1	9451	2	0	0	3	0	0	0	5	0	0	0	9	0	0	0	2	0	0	0	0	0	0	0	0	0	0	0	0	0	9477
16	0	0	0	0	0	0	7	0	0	0	0	0	0	0	0	0	0	0	0	0	0	0	0	0	0	0	0	0	0	0	0	0	0	0	11	0	2	0	9440	9	0	0	2	0	0	0	3	0	0	0	0	0	0	0	2	0	0	0	0	0	1	0	0	0	9477
17	91	129	220	176	62	83	100	92	172	273	406	83	252	174	44	89	95	306	329	141	110	393	89	165	109	201	143	185	51	184	162	224	141	274	69	101	76	146	54	43	148	187	368	159	87	27	161	156	2	73	174	86	19	130	102	96	51	204	61	126	48	506	178	91	9477
18	1	0	0	0	9453	3	4	1	0	0	0	0	1	0	0	0	0	0	0	0	5	0	0	0	0	0	0	0	0	0	0	0	0	0	0	0	3	0	0	0	0	0	0	0	0	0	0	0	0	0	0	0	5	0	0	0	0	0	0	0	0	1	0	0	9477
19	0	0	0	0	0	0	0	0	0	0	0	0	0	0	0	1	1	1	9460	3	0	0	2	0	0	0	2	0	0	0	3	0	0	0	0	0	0	0	0	0	0	0	0	0	0	0	0	0	0	0	3	0	0	0	0	0	0	0	0	1	0	0	0	0	9477
20	0	0	0	0	0	0	0	0	0	0	0	0	0	0	0	0	0	0	0	0	0	0	0	0	0	0	0	0	2	0	0	0	0	0	0	0	0	0	0	0	0	0	0	0	3	0	0	0	0	0	0	0	0	0	0	0	3	0	0	0	9454	3	1	11	9477
21	0	0	0	0	0	0	0	0	0	1	0	0	0	0	0	0	0	0	0	0	0	0	0	0	0	0	0	0	0	0	0	0	0	0	0	0	0	0	1	0	0	0	0	0	8	0	9464	3	0	0	0	0	0	0	0	0	0	0	0	0	0	0	0	0	9477
22	0	0	0	0	0	1	0	0	0	0	0	0	0	1	0	0	0	0	0	0	0	0	0	0	0	0	0	0	0	2	0	0	0	0	0	0	0	0	0	0	0	0	0	0	0	1	0	0	0	2	0	0	0	0	0	0	0	2	0	0	2	9462	0	4	9477
23	0	0	0	0	0	0	0	2	0	0	0	1	0	0	1	9470	0	0	0	0	0	0	0	0	0	0	0	0	0	0	0	0	0	0	0	0	0	0	0	0	0	0	0	0	0	0	0	1	0	0	0	0	0	0	0	0	0	0	0	0	0	0	0	1	9476
24	0	0	0	0	0	0	0	0	0	0	0	0	2	0	0	0	2	0	0	0	0	0	0	0	3	0	0	0	9466	1	0	0	0	0	0	0	0	0	0	0	0	0	0	0	0	0	0	0	1	0	0	0	0	0	0	0	0	0	0	0	1	0	0	0	9476
25	0	0	0	0	0	0	0	0	40	9361	0	69	1	3	0	0	0	0	0	0	0	0	0	0	0	0	0	0	0	0	0	0	0	0	0	0	1	0	0	0	0	1	0	0	0	0	0	0	0	0	0	0	0	0	0	0	0	0	0	0	0	0	0	0	9476
26	0	3	0	0	0	9426	0	4	0	0	0	0	0	41	0	0	0	0	0	0	1	0	0	0	0	0	0	0	0	0	0	0	0	0	0	0	0	1	0	0	0	0	0	0	0	0	0	0	0	0	0	0	0	0	0	0	0	0	0	0	0	0	0	0	9476
27	0	0	0	0	0	0	0	0	0	0	0	0	0	0	0	0	0	0	0	0	0	0	0	0	0	0	0	0	0	0	0	0	0	0	0	0	0	0	0	0	0	0	0	0	0	0	0	0	0	0	0	0	0	0	0	0	0	0	0	0	0	0	0	0	0
28	0	0	0	0	0	0	0	0	0	0	0	0	0	0	0	0	0	0	0	0	0	0	0	0	0	0	0	0	0	0	0	0	0	0	0	0	0	0	0	0	0	0	0	0	0	0	0	0	0	0	0	0	0	0	0	0	0	0	0	0	0	0	0	0	0
