	K	N	R	S	T	I	M	E	D	G	A	V	Q	H	P	L	*	Y	W	C	F	SUM
0	0	0	0	7	4	0	0	1	0	0	13273	2	0	0	3	0	0	0	0	0	0	13290
1	0	0	0	0	0	1	0	0	0	0	0	0	0	1	2	13286	0	0	0	0	0	13290
2	0	0	0	0	3	13278	0	0	0	0	0	0	0	0	0	5	0	0	0	0	4	13290
3	0	0	6	0	0	0	0	0	0	1	0	0	0	0	0	14	2	0	13242	24	1	13290
4	0	2	0	0	0	0	0	18	13230	9	7	3	0	2	0	0	0	19	0	0	0	13290
5	0	18	0	0	0	0	0	1	13211	2	19	5	0	0	0	0	0	34	0	0	0	13290
6	0	0	0	0	0	0	28	0	0	0	0	0	0	1	11	13250	0	0	0	0	0	13290
7	0	0	13185	0	0	0	0	0	0	0	0	0	21	0	1	11	0	0	72	0	0	13290
8	0	8	60	13158	2	50	0	0	0	0	0	0	0	0	0	0	0	0	0	12	0	13290
9	0	0	1	0	0	0	32	0	0	0	0	1	12	0	10	13234	0	0	0	0	0	13290
10	0	0	10	6	0	0	0	0	0	0	0	0	0	0	0	0	7	11	2	13225	29	13290
11	0	0	0	0	0	15	0	0	0	0	0	0	0	0	10	13260	0	0	0	0	5	13290
12	0	0	0	2	0	1	0	0	0	0	0	0	0	0	0	10	0	0	0	0	13277	13290
13	0	1	8	13249	3	20	0	0	0	3	0	0	0	0	0	0	0	1	0	4	1	13290
14	0	2	0	5	0	0	0	0	0	0	0	0	0	3	0	0	2	13237	0	2	39	13290
15	0	5	3	0	0	0	0	0	0	0	0	0	4	13262	3	6	0	7	0	0	0	13290
16	0	0	13222	11	0	0	0	0	0	1	0	0	0	38	2	10	0	0	0	5	1	13290
17	0	0	1	2	1	0	0	0	0	0	0	0	0	0	0	13269	0	0	0	0	17	13290
18	357	314	1411	1113	1013	477	152	362	475	1593	949	885	194	374	655	917	550	322	386	422	369	13290
19	0	1	0	0	0	2	0	2	13259	0	1	9	0	1	0	3	3	9	0	0	0	13290
20	0	0	0	1	0	4	0	0	0	0	0	4	0	0	0	13275	2	0	0	0	4	13290
21	0	0	0	0	5	2	0	0	0	0	0	0	0	0	0	13281	0	0	0	0	2	13290
22	0	0	1	1	0	3	1	0	0	0	0	2	0	0	0	13273	0	0	0	0	9	13290
23	0	1	0	1	3	13271	2	0	3	0	0	5	0	0	0	0	0	0	0	0	2	13288
24	0	0	0	0	5	3	0	4	0	0	3	13273	0	0	0	0	0	0	0	0	0	13288
25	1	0	3	2	13274	0	6	0	0	0	2	0	0	0	0	0	0	0	0	0	0	13288
26	2	0	8032	89	5	262	4887	0	0	1	0	1	0	0	0	1	0	0	3	0	0	13283
27	0	0	0	0	0	0	0	0	0	0	0	0	0	0	0	0	0	0	0	0	0	0
28	0	0	0	0	0	0	0	0	0	0	0	0	0	0	0	0	0	0	0	0	0	0
