	AAA	AAG	AAC	AAT	AGA	AGG	AGC	AGT	ACA	ACG	ACC	ACT	ATA	ATG	ATC	ATT	GAA	GAG	GAC	GAT	GGA	GGG	GGC	GGT	GCA	GCG	GCC	GCT	GTA	GTG	GTC	GTT	CAA	CAG	CAC	CAT	CGA	CGG	CGC	CGT	CCA	CCG	CCC	CCT	CTA	CTG	CTC	CTT	TAA	TAG	TAC	TAT	TGA	TGG	TGC	TGT	TCA	TCG	TCC	TCT	TTA	TTG	TTC	TTT	SUM
0	0	0	0	0	0	0	0	0	2	0	0	0	0	0	0	0	2	0	0	0	1	0	0	0	20630	4	12	7	6	0	0	0	0	0	0	0	0	0	0	0	2	0	0	0	0	0	0	0	0	0	0	0	0	0	0	0	10	0	0	0	0	0	0	0	20676
1	0	0	0	0	0	0	0	0	0	0	0	0	0	0	0	0	0	0	0	0	0	0	0	0	0	0	0	0	0	0	0	1	0	1	0	0	0	0	0	0	0	0	0	3	1	1	4	20664	0	0	0	0	0	0	0	0	0	0	0	0	0	0	0	1	20676
2	0	0	1	0	0	0	0	0	0	0	3	0	1	1	20641	3	0	0	0	0	0	0	0	0	0	0	0	0	0	0	1	0	0	0	0	0	0	0	0	0	0	0	0	0	0	0	21	0	0	0	0	0	0	0	0	0	0	0	0	0	0	0	4	0	20676
3	0	0	0	0	0	2	0	0	0	0	0	0	0	0	0	0	0	0	0	0	0	3	0	0	0	0	0	0	0	0	0	0	0	0	0	0	0	6	0	0	0	0	0	0	0	0	0	0	0	1	0	0	4	20617	3	25	0	1	0	0	0	12	0	2	20676
4	0	0	16	0	0	0	0	0	0	0	0	0	0	0	0	0	12	1	20552	35	0	0	3	0	0	0	36	1	0	0	4	0	0	0	4	0	0	0	0	0	0	0	0	0	0	0	0	0	0	0	12	0	0	0	0	0	0	0	0	0	0	0	0	0	20676
5	0	0	0	23	0	0	0	0	0	0	0	0	0	0	0	0	2	3	8	20532	0	0	0	8	0	0	0	84	0	0	0	6	0	0	0	1	0	0	0	0	0	0	0	0	0	0	0	0	0	0	0	9	0	0	0	0	0	0	0	0	0	0	0	0	20676
6	0	0	0	0	0	0	0	0	0	0	0	0	0	45	0	0	0	0	0	0	0	0	0	0	0	0	0	0	0	0	0	0	1	5	0	0	0	0	0	0	0	44	0	0	20	20473	6	81	0	0	0	0	0	0	0	0	0	0	0	0	0	1	0	0	20676
7	0	0	1	0	0	21	0	0	0	0	0	0	0	0	0	0	0	0	0	0	0	2	0	0	0	0	0	0	0	0	0	0	0	18	0	0	15	20432	7	8	1	22	0	0	0	75	0	1	0	0	0	0	0	73	0	0	0	0	0	0	0	0	0	0	20676
8	0	0	3	0	67	2	20467	44	0	0	2	0	1	0	32	0	0	0	0	0	0	0	4	1	0	0	0	0	0	0	0	0	0	0	0	0	0	0	38	0	0	0	0	0	0	0	0	0	0	0	0	0	0	0	10	3	0	0	0	0	0	0	1	1	20676
9	0	0	0	0	0	0	0	0	0	1	0	0	0	59	0	0	0	0	0	0	0	0	0	0	0	0	0	0	0	1	0	0	0	2	0	0	0	1	0	0	0	42	0	0	28	20475	2	46	0	0	0	0	0	0	0	0	0	0	0	0	0	19	0	0	20676
10	0	0	0	0	0	0	6	0	0	0	0	0	0	0	0	0	0	0	0	0	0	0	1	1	0	0	0	0	0	0	0	0	0	0	0	0	0	0	15	0	0	0	0	0	0	0	0	0	0	0	92	0	44	3	20414	65	0	0	1	0	0	0	34	0	20676
11	0	0	0	0	0	0	0	0	0	0	0	0	1	0	46	0	0	0	0	0	0	0	0	0	0	0	0	0	0	0	2	0	0	0	2	0	0	0	0	0	0	0	16	0	6	0	20548	51	0	0	0	0	0	0	0	0	0	0	0	0	0	0	3	1	20676
12	0	0	0	0	1	0	9	0	0	0	0	0	0	0	3	0	0	0	0	0	0	0	0	0	0	0	0	0	0	0	1	0	0	0	0	0	0	0	0	0	0	0	0	0	0	0	3	0	0	0	1	0	0	0	0	0	0	0	3	0	1	0	20624	29	20675
13	0	0	5	0	3	0	20532	62	0	0	5	0	0	0	21	1	0	0	0	0	0	0	9	0	0	0	0	0	1	0	0	0	0	12	0	0	0	0	3	1	0	0	0	0	0	0	0	0	0	1	6	0	0	0	10	0	0	0	0	0	0	0	3	0	20675
14	0	0	1	0	0	0	0	0	0	1	0	0	0	0	0	0	0	0	0	0	0	0	0	0	0	0	0	0	0	0	0	0	0	0	18	0	0	0	0	0	0	0	1	0	12	0	2	0	0	1	20568	6	0	0	1	0	0	0	6	0	1	0	57	0	20675
15	0	0	7	0	0	1	0	0	0	0	0	0	0	0	0	0	1	0	0	0	0	0	0	0	0	0	0	0	0	0	0	0	2	0	20596	18	0	0	10	2	12	0	7	0	0	0	12	0	0	0	6	0	0	0	1	0	0	0	0	0	0	0	0	0	20675
16	0	0	0	0	0	0	8	0	0	0	0	0	0	0	0	1	0	0	0	0	0	0	0	0	0	0	0	0	0	0	0	0	0	0	57	0	1	2	20547	18	0	12	0	0	0	0	6	0	0	0	0	0	0	0	12	0	0	0	0	0	0	10	0	0	20674
17	0	0	0	0	8	0	0	0	0	0	0	0	0	0	0	1	0	0	0	0	0	0	0	0	0	0	0	0	1	0	0	0	0	0	0	0	1	0	0	0	0	0	0	0	0	15	0	0	0	2	0	0	0	0	0	0	0	1	0	0	3	20618	0	23	20673
18	0	0	0	0	20608	7	4	4	0	2	0	0	5	0	0	1	0	0	0	0	14	0	0	0	0	0	0	0	3	0	0	6	0	0	0	0	15	0	0	0	0	0	0	0	0	0	0	0	0	0	0	0	4	0	0	0	0	0	0	0	0	0	0	0	20673
19	203	299	233	218	266	473	205	260	295	226	385	322	190	289	251	261	308	420	362	362	372	597	286	298	238	271	135	195	283	346	368	313	355	382	474	425	324	390	327	307	308	290	489	281	299	353	382	243	436	417	333	392	286	365	325	414	307	171	416	389	213	416	263	370	20672
20	0	0	0	0	0	2	0	0	0	1	0	0	3	0	0	0	0	0	0	0	0	0	0	0	0	0	0	0	0	0	0	0	0	0	0	0	0	0	0	0	0	0	0	0	9	0	9	0	1	0	0	0	2	0	0	0	1	0	0	0	20626	3	1	12	20670
21	0	0	0	0	0	1	0	0	0	0	0	0	0	0	1	0	0	0	0	0	0	0	0	0	0	0	0	0	0	0	2	0	0	0	2	0	0	0	0	0	0	0	1	0	14	1	20617	1	0	0	0	0	0	0	0	0	0	0	0	17	0	9	1	0	20667
22	0	0	0	0	0	0	0	0	0	0	0	0	0	0	0	9	0	0	0	0	0	0	0	0	0	0	0	0	0	0	0	0	0	0	0	0	0	0	0	0	0	0	0	0	0	3	0	0	0	0	0	0	17	0	0	0	0	4	0	0	1	20629	2	1	20666
23	0	0	0	3	0	0	0	3	0	0	0	0	0	1	3	20621	0	0	0	0	0	0	0	0	0	0	0	0	9	0	0	4	0	0	0	0	0	0	0	0	0	0	0	0	0	0	0	1	0	0	0	0	0	0	0	0	0	0	0	0	0	17	0	3	20665
24	0	0	0	0	0	0	0	0	0	8	0	1	13	0	0	0	1	0	0	0	1	0	0	0	0	0	0	0	20613	1	0	0	0	0	0	0	0	0	0	0	0	0	0	0	0	0	0	0	20	0	0	0	0	0	0	0	0	0	0	0	6	0	0	0	20664
25	0	1	0	0	1	9	0	0	1	20603	0	21	0	2	0	0	0	0	0	0	0	0	0	0	0	3	0	0	0	0	0	0	0	0	0	0	21	1	0	0	0	0	0	0	0	0	0	0	0	0	0	0	0	0	0	0	0	1	0	0	0	0	0	0	20664
26	0	12	0	0	3	20507	0	38	0	2	0	0	0	63	0	0	0	0	0	0	22	3	0	0	0	0	0	0	0	0	0	0	0	0	0	0	0	1	0	0	0	0	0	0	0	0	0	0	0	0	0	0	0	4	0	0	0	0	0	0	0	0	0	0	20655
27	0	0	0	0	0	0	0	0	0	0	0	0	0	0	0	0	0	0	0	0	0	0	0	0	0	0	0	0	0	0	0	0	0	0	0	0	0	0	0	0	0	0	0	0	0	0	0	0	0	0	0	0	0	0	0	0	0	0	0	0	0	0	0	0	0
28	0	0	0	0	0	0	0	0	0	0	0	0	0	0	0	0	0	0	0	0	0	0	0	0	0	0	0	0	0	0	0	0	0	0	0	0	0	0	0	0	0	0	0	0	0	0	0	0	0	0	0	0	0	0	0	0	0	0	0	0	0	0	0	0	0
