	K	N	R	S	T	I	M	E	D	G	A	V	Q	H	P	L	*	Y	W	C	F	SUM
0	0	0	0	10	2	0	0	2	0	1	20653	6	0	0	2	0	0	0	0	0	0	20676
1	0	0	0	0	0	0	0	0	0	0	0	1	1	0	3	20670	0	0	0	0	1	20676
2	0	1	0	0	3	20645	1	0	0	0	0	1	0	0	0	21	0	0	0	0	4	20676
3	0	0	8	1	0	0	0	0	0	3	0	0	0	0	0	12	5	0	20617	28	2	20676
4	0	16	0	0	0	0	0	13	20587	3	37	4	0	4	0	0	0	12	0	0	0	20676
5	0	23	0	0	0	0	0	5	20540	8	84	6	0	1	0	0	0	9	0	0	0	20676
6	0	0	0	0	0	0	45	0	0	0	0	0	6	0	44	20581	0	0	0	0	0	20676
7	0	1	20483	0	0	0	0	0	0	2	0	0	18	0	23	76	0	0	73	0	0	20676
8	0	3	107	20511	2	33	0	0	0	5	0	0	0	0	0	0	0	0	0	13	2	20676
9	0	0	1	0	1	0	59	0	0	0	0	1	2	0	42	20570	0	0	0	0	0	20676
10	0	0	15	7	0	0	0	0	0	2	0	0	0	0	0	0	44	92	3	20479	34	20676
11	0	0	0	0	0	47	0	0	0	0	0	2	0	2	16	20605	0	0	0	0	4	20676
12	0	0	1	12	0	3	0	0	0	0	0	1	0	0	0	4	0	1	0	0	20653	20675
13	0	5	7	20594	5	22	0	0	0	9	0	1	12	0	0	0	1	6	0	10	3	20675
14	0	1	0	6	1	0	0	0	0	0	0	0	0	18	1	15	1	20574	0	1	57	20675
15	0	7	13	0	0	0	0	1	0	0	0	0	2	20614	19	12	0	6	0	1	0	20675
16	0	0	20568	8	0	1	0	0	0	0	0	0	0	57	12	16	0	0	0	12	0	20674
17	0	0	9	1	0	1	0	0	0	0	0	1	0	0	0	20636	2	0	0	0	23	20673
18	0	0	20630	8	2	6	0	0	0	14	0	9	0	0	0	0	4	0	0	0	0	20673
19	502	451	2087	1748	1228	702	289	728	724	1553	839	1310	737	899	1368	1906	1139	725	365	739	633	20672
20	0	0	2	1	1	3	0	0	0	0	0	0	0	0	0	20647	3	0	0	0	13	20670
21	0	0	1	17	0	1	0	0	0	0	0	2	0	2	1	20642	0	0	0	0	1	20667
22	0	0	0	4	0	9	0	0	0	0	0	0	0	0	0	20633	17	0	0	0	3	20666
23	0	3	0	3	0	20624	1	0	0	0	0	13	0	0	0	18	0	0	0	0	3	20665
24	0	0	0	0	9	13	0	1	0	1	0	20614	0	0	0	6	20	0	0	0	0	20664
25	1	0	32	1	20625	0	2	0	0	0	3	0	0	0	0	0	0	0	0	0	0	20664
26	12	0	20511	38	2	0	63	0	0	25	0	0	0	0	0	0	0	0	4	0	0	20655
27	0	0	0	0	0	0	0	0	0	0	0	0	0	0	0	0	0	0	0	0	0	0
28	0	0	0	0	0	0	0	0	0	0	0	0	0	0	0	0	0	0	0	0	0	0
