	K	N	R	S	T	I	M	E	D	G	A	V	Q	H	P	L	*	Y	W	C	F	SUM
0	0	0	0	1	2	0	0	0	0	1	10101	1	0	0	0	0	0	0	0	0	0	10106
1	0	0	0	0	0	0	0	0	0	0	0	0	0	0	0	10104	0	0	0	0	2	10106
2	0	1	0	0	1	10097	1	0	0	0	0	0	0	0	0	5	0	0	0	0	1	10106
3	0	0	1	1	0	0	0	0	0	0	0	0	0	0	0	8	2	0	10073	21	0	10106
4	0	3	0	0	0	0	0	2	10064	2	22	2	0	1	0	0	0	10	0	0	0	10106
5	0	5	0	0	0	0	0	0	10070	1	28	0	0	0	0	0	0	2	0	0	0	10106
6	0	0	0	0	0	0	3	0	0	0	0	0	1	0	4	10098	0	0	0	0	0	10106
7	0	0	9991	0	0	0	0	0	0	0	0	0	19	0	7	40	0	0	49	0	0	10106
8	0	5	47	10005	3	32	0	0	0	3	0	0	0	0	0	0	0	0	0	10	1	10106
9	0	0	0	0	0	0	32	0	0	0	0	4	5	0	12	10053	0	0	0	0	0	10106
10	0	0	9	0	0	0	0	0	0	1	0	0	0	0	0	0	11	13	1	10040	31	10106
11	0	0	0	0	0	38	0	0	0	0	0	0	0	2	7	10054	0	0	0	0	5	10106
12	0	0	0	3	0	1	0	0	0	0	0	0	0	0	0	18	0	0	0	0	10084	10106
13	0	3	16	10044	2	13	2	0	0	15	1	1	0	0	1	0	3	0	2	3	0	10106
14	0	0	0	3	0	0	0	0	0	0	0	0	0	3	0	0	7	10062	0	0	30	10105
15	0	29	2	0	0	0	0	0	1	0	0	0	9	10047	6	4	0	7	0	0	0	10105
16	0	0	10000	21	0	0	0	0	0	2	0	0	0	50	0	11	0	0	0	15	0	10099
17	0	0	0	0	0	0	0	0	0	0	0	1	0	0	0	10047	0	0	0	0	51	10099
18	0	0	10046	4	1	34	0	0	0	10	0	0	0	0	0	0	3	0	0	0	0	10098
19	0	2	2	0	2	0	0	5	10052	1	2	1	0	1	0	0	0	26	0	0	1	10095
20	251	288	1040	742	618	352	134	333	272	878	548	637	314	315	942	1005	420	256	211	252	283	10091
21	0	0	1	0	0	26	0	0	0	0	0	2	0	1	3	10053	0	0	0	0	3	10089
22	0	0	3	2	2	0	0	0	0	1	0	4	0	0	0	10063	1	0	1	1	10	10088
23	0	0	0	2	2	10084	0	0	0	0	0	0	0	0	0	0	0	0	0	0	0	10088
24	0	0	0	0	0	1	0	1	0	0	1	10077	0	0	0	3	0	0	0	0	0	10083
25	4	0	5	2	10057	0	9	0	0	0	5	0	0	0	1	0	0	0	0	0	0	10083
26	3	0	10000	21	1	0	49	0	0	7	0	0	0	0	0	0	0	0	0	0	0	10081
27	0	0	0	0	0	0	0	0	0	0	0	0	0	0	0	0	0	0	0	0	0	0
28	0	0	0	0	0	0	0	0	0	0	0	0	0	0	0	0	0	0	0	0	0	0
