	K	N	R	S	T	I	M	E	D	G	A	V	Q	H	P	L	*	Y	W	C	F	SUM
0	1	0	0	12	0	0	0	2	0	1	10302	0	0	0	0	0	0	0	0	0	0	10318
1	0	0	0	0	0	2	0	0	0	0	0	1	0	1	1	10311	0	0	0	0	2	10318
2	0	0	0	1	0	10298	0	0	0	0	0	1	0	0	0	15	0	0	0	0	3	10318
3	0	0	2	0	0	0	0	0	0	0	0	0	0	0	0	10	2	0	10287	17	0	10318
4	0	1	0	0	0	0	0	1	10269	2	29	2	0	1	0	0	1	12	0	0	0	10318
5	0	9	0	0	0	0	0	2	10263	4	34	4	0	1	0	0	0	1	0	0	0	10318
6	0	0	1	0	0	0	2	0	0	0	0	0	0	0	5	10310	0	0	0	0	0	10318
7	0	0	10232	0	0	0	0	0	0	0	0	0	11	0	6	37	0	0	32	0	0	10318
8	0	1	60	10223	3	20	0	0	0	2	0	0	0	0	0	0	0	0	1	7	1	10318
9	0	0	2	0	0	0	33	0	0	0	0	2	5	0	8	10267	0	0	0	0	1	10318
10	0	0	5	4	0	0	0	0	0	1	0	0	0	0	0	0	23	17	0	10233	35	10318
11	0	0	0	0	0	31	0	0	0	0	0	0	0	1	6	10272	0	0	0	0	8	10318
12	0	0	0	1	0	6	0	0	0	0	0	0	0	0	0	34	0	0	0	2	10275	10318
13	1	6	25	10220	6	19	0	0	0	12	6	6	0	0	1	0	2	2	3	9	0	10318
14	1	0	0	2	0	0	0	0	0	0	0	0	0	4	0	0	5	10273	0	2	31	10318
15	0	25	1	0	0	0	0	0	0	0	0	0	6	10272	4	2	0	7	0	0	0	10317
16	0	0	10226	32	0	0	0	0	0	1	0	0	0	38	2	7	0	0	0	11	0	10317
17	0	0	0	3	0	0	0	0	0	0	0	0	0	0	0	10271	0	0	1	0	41	10316
18	0	0	10261	5	0	38	0	1	0	9	0	0	0	0	0	0	2	0	0	0	0	10316
19	0	2	0	0	0	0	0	7	10281	1	3	4	0	0	0	0	0	15	0	0	0	10313
20	0	0	0	0	0	1	0	0	0	0	0	0	0	0	0	10303	1	0	0	0	1	10306
21	321	365	844	726	678	470	104	343	234	976	530	672	310	329	1080	963	409	275	159	204	314	10306
22	0	0	0	0	0	0	2	0	0	0	0	0	0	0	0	10285	1	0	0	1	15	10304
23	0	1	1	1	1	10294	0	0	0	0	0	3	0	0	0	0	0	0	0	0	2	10303
24	0	0	0	0	0	1	0	1	0	1	5	10292	0	0	0	2	0	0	0	0	0	10302
25	8	0	2	1	10277	0	9	0	0	0	1	0	0	0	1	0	0	0	0	0	0	10299
26	5	0	10229	17	1	0	39	0	0	5	0	0	0	0	0	0	0	0	0	0	0	10296
27	0	0	0	0	0	0	0	0	0	0	0	0	0	0	0	0	0	0	0	0	0	0
28	0	0	0	0	0	0	0	0	0	0	0	0	0	0	0	0	0	0	0	0	0	0
