	K	N	R	S	T	I	M	E	D	G	A	V	Q	H	P	L	*	Y	W	C	F	SUM
0	0	0	0	2	1	0	0	3	0	0	10537	3	0	0	0	0	0	0	0	0	0	10546
1	0	0	0	0	0	1	0	0	0	0	0	0	0	0	1	10542	0	0	0	0	2	10546
2	0	1	0	0	2	10533	0	0	0	0	0	0	0	0	0	10	0	0	0	0	0	10546
3	0	0	0	1	0	0	0	0	0	0	0	0	0	0	0	5	6	0	10527	7	0	10546
4	0	2	0	1	0	0	0	0	10520	0	13	3	0	2	0	0	0	5	0	0	0	10546
5	0	7	0	0	0	0	0	0	10513	1	21	1	0	1	0	0	0	2	0	0	0	10546
6	0	0	0	0	0	0	2	0	0	0	0	0	0	0	3	10541	0	0	0	0	0	10546
7	0	0	10521	0	0	0	0	0	0	0	0	0	0	0	0	11	0	0	14	0	0	10546
8	0	3	17	10507	0	10	0	0	0	3	0	0	0	0	0	1	0	0	0	5	0	10546
9	0	0	3	0	0	1	15	0	0	0	0	0	9	0	14	10503	0	0	1	0	0	10546
10	0	0	9	2	0	0	0	0	0	1	0	0	0	0	0	0	4	14	0	10503	13	10546
11	0	0	0	0	0	3	0	0	0	0	0	0	0	0	2	10536	0	0	0	0	5	10546
12	0	0	0	2	0	1	0	0	0	0	0	0	0	0	0	13	0	2	0	0	10528	10546
13	0	4	5	10484	2	15	0	0	0	11	3	0	0	0	0	3	10	0	6	3	0	10546
14	0	0	0	1	0	0	0	0	0	0	0	0	0	3	0	1	2	10503	0	1	35	10546
15	0	3	0	0	0	0	0	0	0	0	0	0	0	10524	4	11	0	4	0	0	0	10546
16	0	0	10516	3	0	0	0	0	0	0	0	0	0	21	0	4	0	0	0	2	0	10546
17	0	0	0	2	0	0	0	0	0	0	0	1	0	0	0	10534	0	0	0	0	9	10546
18	1	0	10522	3	2	4	0	0	0	10	0	0	0	0	0	0	1	0	0	0	0	10543
19	0	2	0	0	0	0	0	2	10525	1	2	3	0	1	0	0	0	4	0	0	0	10540
20	0	0	3	1	0	0	0	0	0	0	0	0	0	0	0	10524	0	1	0	0	4	10533
21	0	0	1	1	0	2	0	0	0	0	0	1	0	2	3	10518	0	0	0	0	2	10530
22	346	354	912	814	652	460	144	334	206	796	607	653	343	388	934	1078	411	262	204	296	333	10527
23	0	1	1	0	3	10515	0	0	0	0	0	2	0	0	0	5	0	0	0	0	0	10527
24	0	0	1	0	0	1	0	2	0	1	1	10515	0	0	0	1	4	0	0	0	0	10526
25	0	0	13	0	10509	0	1	0	0	0	0	0	0	0	2	0	0	0	0	0	0	10525
26	3	0	10492	5	0	0	8	0	0	12	0	0	0	0	0	0	0	0	3	0	0	10523
27	0	0	0	0	0	0	0	0	0	0	0	0	0	0	0	0	0	0	0	0	0	0
28	0	0	0	0	0	0	0	0	0	0	0	0	0	0	0	0	0	0	0	0	0	0
