	K	N	R	S	T	I	M	E	D	G	A	V	Q	H	P	L	*	Y	W	C	F	SUM
0	0	0	0	12	0	0	0	14	0	1	20147	2	0	0	1	0	0	0	0	0	0	20177
1	1	0	0	0	0	3	0	0	0	0	0	1	0	2	2	20162	0	0	0	0	6	20177
2	1	0	0	0	2	20165	1	0	0	0	0	2	0	0	0	6	0	0	0	0	0	20177
3	0	0	3	1	0	0	0	0	0	2	0	0	0	0	0	35	6	0	20113	13	4	20177
4	0	9	0	0	0	0	0	14	20131	6	2	1	0	1	0	0	0	13	0	0	0	20177
5	0	12	0	2	0	0	0	4	20149	3	3	1	0	0	0	0	0	3	0	0	0	20177
6	0	0	4	0	0	0	3	1	0	0	0	1	5	0	14	20149	0	0	0	0	0	20177
7	0	0	19899	0	0	0	0	0	0	1	0	0	13	0	11	89	0	0	164	0	0	20177
8	0	17	11	20117	25	5	0	0	0	0	0	0	0	0	0	0	0	0	0	2	0	20177
9	0	0	7	0	0	0	12	0	0	0	0	3	20	0	27	20108	0	0	0	0	0	20177
10	0	0	13	10	0	0	0	0	0	28	0	1	0	0	1	0	2	20	2	20085	15	20177
11	0	0	4	0	0	21	0	0	0	0	0	3	0	2	13	20130	0	0	0	0	4	20177
12	0	1	0	9	0	4	0	0	0	0	0	3	0	0	0	14	0	22	0	2	20122	20177
13	0	12	13	20026	2	39	0	0	0	72	0	1	0	0	5	1	0	0	0	6	0	20177
14	0	3	0	11	0	0	0	0	1	0	0	0	0	10	0	1	10	20090	0	37	14	20177
15	1	70	4	0	0	1	0	0	2	0	0	0	8	20050	33	6	0	2	0	0	0	20177
16	0	0	20055	5	1	0	0	0	0	4	0	1	1	58	16	24	0	0	0	11	0	20176
17	0	0	0	6	1	0	2	0	0	0	0	4	0	0	0	20137	3	0	7	0	16	20176
18	9	0	20090	7	1	8	0	3	0	50	0	0	1	0	0	0	6	0	1	0	0	20176
19	0	13	0	0	0	1	0	11	20117	13	6	6	0	2	1	0	0	5	0	0	0	20175
20	129	628	517	1422	703	1413	82	356	532	1455	1299	1581	491	1218	163	4016	29	796	58	1601	1686	20175
21	0	0	5	1	2	8	0	0	0	0	0	3	0	4	22	20114	0	0	0	1	15	20175
22	0	0	2	9	0	0	2	0	0	0	0	12	0	0	0	20132	2	0	3	0	13	20175
23	0	9	0	9	10	20114	11	0	0	1	0	7	0	0	0	1	0	0	0	1	11	20174
24	1	0	2	0	0	9	0	12	0	11	6	20098	0	0	0	33	0	0	0	0	0	20172
25	10	0	1	5	20141	0	5	0	0	0	4	0	0	0	3	0	0	0	0	0	0	20169
26	38	1	20094	7	0	0	7	1	0	19	0	0	0	0	0	0	0	0	2	0	0	20169
27	0	0	0	0	0	0	0	0	0	0	0	0	0	0	0	0	0	0	0	0	0	0
28	0	0	0	0	0	0	0	0	0	0	0	0	0	0	0	0	0	0	0	0	0	0
