	K	N	R	S	T	I	M	E	D	G	A	V	Q	H	P	L	*	Y	W	C	F	SUM
0	0	0	0	11	8	0	0	12	0	0	14510	3	0	0	1	0	0	0	0	0	0	14545
1	0	0	2	0	0	5	0	0	0	0	0	0	0	0	1	14534	0	0	0	0	3	14545
2	0	3	0	0	3	14535	0	0	0	0	0	1	0	0	0	2	0	0	0	0	1	14545
3	0	0	2	0	0	0	0	0	0	1	0	0	0	0	0	12	5	0	14487	38	0	14545
4	0	4	0	1	0	0	0	67	14465	3	2	1	0	0	0	0	0	2	0	0	0	14545
5	0	11	0	0	0	0	0	3	14521	2	4	2	0	0	0	0	0	2	0	0	0	14545
6	0	0	3	0	0	0	3	0	0	0	0	0	4	0	9	14526	0	0	0	0	0	14545
7	0	0	14509	0	0	0	0	0	0	0	0	0	5	0	1	6	0	0	24	0	0	14545
8	0	10	9	14508	1	7	0	0	0	7	0	0	0	0	0	0	0	0	0	3	0	14545
9	0	0	6	0	0	1	66	0	0	0	0	0	6	0	23	14443	0	0	0	0	0	14545
10	0	0	4	4	1	0	0	0	0	13	1	0	0	0	0	0	5	72	3	14435	7	14545
11	0	0	1	0	0	4	0	0	0	0	0	1	0	0	11	14525	0	0	0	0	3	14545
12	0	0	0	7	0	1	0	0	0	0	0	0	0	0	0	6	0	5	0	2	14524	14545
13	0	9	10	14498	4	9	0	0	0	9	0	1	0	0	0	1	0	0	0	4	0	14545
14	0	1	0	7	0	0	0	0	3	0	0	0	0	12	0	0	8	14502	0	6	6	14545
15	0	5	2	0	0	0	0	0	0	0	0	0	6	14502	25	4	0	1	0	0	0	14545
16	0	0	14478	9	0	0	0	0	0	1	0	0	0	29	10	10	0	0	0	8	0	14545
17	9	43	20	677	2118	1068	701	21	23	1079	1691	1470	61	15	43	4238	4	79	58	165	962	14545
18	3	0	14495	3	0	5	0	0	0	33	0	1	0	0	0	0	5	0	0	0	0	14545
19	0	4	1	1	0	0	0	4	14509	14	6	2	0	2	0	0	0	2	0	0	0	14545
20	0	0	0	5	0	3	0	0	0	0	0	1	0	0	0	14497	4	1	0	0	33	14544
21	0	0	3	1	0	4	0	0	0	0	0	1	0	3	5	14521	0	0	0	1	5	14544
22	0	0	0	4	0	0	2	0	0	0	0	1	0	0	0	14525	1	0	4	0	7	14544
23	0	8	0	3	2	14509	4	0	0	0	0	8	0	0	0	2	0	0	0	1	5	14542
24	0	0	0	0	0	10	0	12	0	11	11	14477	0	0	0	21	0	0	0	0	0	14542
25	1	0	0	2	14530	0	2	0	0	0	4	0	0	0	3	0	0	0	0	0	0	14542
26	31	0	14486	8	0	0	8	0	0	7	0	0	0	0	0	0	0	0	2	0	0	14542
27	0	0	0	0	0	0	0	0	0	0	0	0	0	0	0	0	0	0	0	0	0	0
28	0	0	0	0	0	0	0	0	0	0	0	0	0	0	0	0	0	0	0	0	0	0
