	K	N	R	S	T	I	M	E	D	G	A	V	Q	H	P	L	*	Y	W	C	F	SUM
0	0	0	0	14	4	0	0	20	0	0	24371	9	0	0	1	0	0	0	0	0	0	24419
1	0	0	3	0	0	6	0	0	0	0	0	1	0	2	1	24402	0	0	0	0	4	24419
2	0	1	0	0	2	24411	0	0	0	0	0	0	0	0	0	4	0	0	0	0	1	24419
3	0	0	3	1	0	0	0	0	0	0	0	0	0	0	0	26	9	0	24361	17	2	24419
4	0	4	0	1	0	0	0	11	24389	5	0	1	0	2	0	0	0	6	0	0	0	24419
5	0	9	0	0	0	0	0	5	24385	2	6	4	0	0	0	0	0	8	0	0	0	24419
6	0	0	0	0	0	0	4	0	0	0	0	0	5	0	11	24399	0	0	0	0	0	24419
7	0	0	24352	0	0	0	0	0	0	2	0	0	10	0	2	8	0	0	45	0	0	24419
8	0	23	20	24370	1	2	0	0	0	3	0	0	0	0	0	0	0	0	0	0	0	24419
9	0	0	10	0	0	0	11	0	0	0	0	4	14	0	21	24359	0	0	0	0	0	24419
10	0	0	14	6	0	0	0	0	0	18	0	1	0	0	0	2	7	38	5	24319	9	24419
11	0	0	5	0	0	44	0	0	0	0	0	2	0	9	26	24324	0	0	0	1	8	24419
12	0	0	0	3	0	2	0	0	0	0	0	0	0	0	0	23	0	3	0	2	24386	24419
13	1	17	24	24300	8	7	0	0	0	17	3	18	0	0	0	21	0	0	0	3	0	24419
14	0	4	0	10	0	0	0	0	4	0	0	0	0	14	1	0	8	24356	0	7	15	24419
15	0	9	8	0	1	0	0	0	0	0	0	0	12	24343	37	3	0	6	0	0	0	24419
16	0	0	24303	9	1	1	0	0	0	6	1	0	0	50	23	13	0	0	1	11	0	24419
17	0	0	0	12	0	0	15	0	0	0	0	14	0	0	0	24350	2	0	6	0	20	24419
18	9	0	24339	10	2	5	0	0	0	47	0	0	0	0	0	1	6	0	0	0	0	24419
19	1	18	0	4	0	0	0	11	24322	33	9	14	0	0	0	0	0	6	0	0	1	24419
20	1	0	0	5	1	8	0	0	0	1	2	8	0	0	0	24354	9	1	0	0	29	24419
21	127	108	690	1695	1154	1361	4826	191	30	1130	622	896	812	1761	110	3986	6	866	1927	1478	642	24418
22	0	0	0	7	0	0	13	0	0	0	0	39	0	0	0	24322	0	0	16	0	20	24417
23	0	19	0	9	6	24339	13	0	1	0	0	19	0	0	0	3	0	1	0	0	6	24416
24	0	0	0	0	0	34	0	19	0	17	8	24310	0	0	0	28	0	0	0	0	0	24416
25	12	0	7	3	24380	0	6	1	0	0	3	0	0	0	4	0	0	0	0	0	0	24416
26	48	0	24311	13	2	0	16	1	0	25	0	0	0	0	0	0	0	0	0	0	0	24416
27	0	0	0	0	0	0	0	0	0	0	0	0	0	0	0	0	0	0	0	0	0	0
28	0	0	0	0	0	0	0	0	0	0	0	0	0	0	0	0	0	0	0	0	0	0
