	K	N	R	S	T	I	M	E	D	G	A	V	Q	H	P	L	*	Y	W	C	F	SUM
0	0	0	0	4	1	0	0	2	0	0	4482	0	0	0	0	0	0	0	0	0	0	4489
1	0	0	0	0	0	1	0	0	0	0	0	0	0	1	0	4487	0	0	0	0	0	4489
2	0	0	0	0	1	4487	0	0	0	0	0	0	0	0	0	1	0	0	0	0	0	4489
3	0	0	1	0	0	0	0	0	0	0	0	0	0	0	0	8	0	0	4475	4	1	4489
4	0	9	0	1	0	0	0	1	4471	3	1	1	0	0	0	0	0	2	0	0	0	4489
5	0	1	0	0	0	0	0	2	4485	0	0	0	0	0	0	0	0	1	0	0	0	4489
6	0	0	0	0	0	0	0	0	0	0	0	0	2	0	1	4486	0	0	0	0	0	4489
7	0	0	4483	0	0	0	0	0	0	0	0	0	0	0	0	1	0	0	5	0	0	4489
8	0	0	133	4352	0	1	0	0	0	2	0	0	0	0	0	0	0	0	0	1	0	4489
9	0	0	1	0	0	0	0	0	0	0	0	0	3	0	3	4482	0	0	0	0	0	4489
10	0	0	1	0	0	0	0	0	0	7	0	0	0	0	0	0	1	12	0	4464	4	4489
11	0	0	2	0	0	6	0	0	0	0	0	0	0	0	4	4476	0	0	0	0	1	4489
12	0	0	0	0	0	0	0	0	0	0	0	0	0	0	0	1	0	1	0	1	4486	4489
13	0	3	4	4472	2	2	0	0	0	6	0	0	0	0	0	0	0	0	0	0	0	4489
14	0	1	0	0	0	0	0	0	0	0	0	0	0	3	0	0	1	4479	0	3	2	4489
15	1	2	2	0	0	0	0	0	1	0	0	0	0	4477	5	0	0	1	0	0	0	4489
16	0	0	4467	0	0	0	0	0	0	2	0	0	0	9	4	3	0	0	0	4	0	4489
17	0	0	0	4	0	0	1	0	0	0	0	1	0	0	0	4476	1	0	2	0	4	4489
18	2	0	4471	3	1	2	0	0	0	8	0	0	0	0	0	0	2	0	0	0	0	4489
19	1	32	37	91	81	16	0	1003	2490	158	100	30	313	25	10	67	7	16	2	0	10	4489
20	0	0	0	1	0	0	0	0	0	0	0	3	0	0	0	4469	2	0	0	0	14	4489
21	0	0	1	0	0	1	0	0	0	0	0	0	0	0	9	4477	0	0	0	0	1	4489
22	0	0	0	1	0	0	2	0	0	0	0	1	0	0	0	4483	1	0	0	0	1	4489
23	0	5	0	3	3	4471	3	0	1	0	0	2	0	0	0	0	0	0	0	0	1	4489
24	0	0	0	0	0	4	0	2	0	4	3	4470	0	0	0	6	0	0	0	0	0	4489
25	2	0	1	0	4485	0	1	0	0	0	0	0	0	0	0	0	0	0	0	0	0	4489
26	6	0	4475	2	0	0	1	0	0	5	0	0	0	0	0	0	0	0	0	0	0	4489
27	0	0	0	0	0	0	0	0	0	0	0	0	0	0	0	0	0	0	0	0	0	0
28	0	0	0	0	0	0	0	0	0	0	0	0	0	0	0	0	0	0	0	0	0	0
