	K	N	R	S	T	I	M	E	D	G	A	V	Q	H	P	L	*	Y	W	C	F	SUM
0	0	0	0	0	0	0	0	0	0	0	84	0	0	0	0	0	0	0	0	0	0	84
1	0	0	0	0	0	0	0	0	0	0	0	0	0	0	0	84	0	0	0	0	0	84
2	0	0	0	0	0	84	0	0	0	0	0	0	0	0	0	0	0	0	0	0	0	84
3	0	0	0	0	0	0	0	0	0	0	0	0	0	0	0	0	0	0	84	0	0	84
4	0	0	0	0	0	0	0	0	84	0	0	0	0	0	0	0	0	0	0	0	0	84
5	0	0	0	0	0	0	0	0	84	0	0	0	0	0	0	0	0	0	0	0	0	84
6	0	0	0	0	0	0	0	0	0	0	0	0	0	0	0	84	0	0	0	0	0	84
7	0	0	83	0	0	0	0	0	0	0	0	0	0	0	0	0	0	0	1	0	0	84
8	0	0	0	84	0	0	0	0	0	0	0	0	0	0	0	0	0	0	0	0	0	84
9	0	0	0	0	0	0	2	0	0	0	0	0	0	0	0	82	0	0	0	0	0	84
10	0	0	0	0	0	0	0	0	0	0	0	0	0	0	0	0	0	0	0	84	0	84
11	0	0	0	0	0	0	0	0	0	0	0	0	0	0	0	84	0	0	0	0	0	84
12	0	0	0	0	0	0	0	0	0	0	0	0	0	0	0	0	0	0	0	0	84	84
13	0	0	0	84	0	0	0	0	0	0	0	0	0	0	0	0	0	0	0	0	0	84
14	0	0	0	0	0	0	0	0	0	0	0	0	0	0	0	0	0	84	0	0	0	84
15	0	0	0	0	0	0	0	0	0	0	0	0	0	84	0	0	0	0	0	0	0	84
16	0	0	83	0	0	0	0	0	0	0	0	0	0	0	0	0	0	0	0	1	0	84
17	0	0	0	0	0	0	0	0	0	0	0	0	0	0	0	83	0	0	0	0	1	84
18	0	2	9	14	7	3	1	1	1	14	7	3	3	2	1	6	0	5	1	3	1	84
19	0	0	0	0	0	0	0	0	84	0	0	0	0	0	0	0	0	0	0	0	0	84
20	0	0	0	0	0	0	0	0	0	0	0	0	0	0	0	84	0	0	0	0	0	84
21	0	0	0	0	0	0	0	0	0	0	0	0	0	0	0	84	0	0	0	0	0	84
22	0	0	0	0	0	0	0	0	0	0	0	0	0	0	0	84	0	0	0	0	0	84
23	0	0	0	0	0	84	0	0	0	0	0	0	0	0	0	0	0	0	0	0	0	84
24	0	0	0	0	0	0	0	0	0	0	0	84	0	0	0	0	0	0	0	0	0	84
25	0	0	0	0	84	0	0	0	0	0	0	0	0	0	0	0	0	0	0	0	0	84
26	0	0	80	0	0	0	3	0	0	1	0	0	0	0	0	0	0	0	0	0	0	84
27	0	0	0	0	0	0	0	0	0	0	0	0	0	0	0	0	0	0	0	0	0	0
28	0	0	0	0	0	0	0	0	0	0	0	0	0	0	0	0	0	0	0	0	0	0
