	K	N	R	S	T	I	M	E	D	G	A	V	Q	H	P	L	*	Y	W	C	F	SUM
0	0	0	0	36	13	0	0	42	0	3	71155	11	0	0	3	0	0	0	0	0	0	71263
1	0	2	0	0	0	25	0	0	0	0	0	6	0	11	9	71197	0	0	0	0	13	71263
2	0	3	0	3	12	71218	6	0	0	0	0	9	0	0	0	7	0	0	0	0	5	71263
3	0	0	18	3	0	0	0	0	0	4	0	0	0	0	0	128	32	0	70933	140	5	71263
4	0	34	0	2	0	0	0	214	70852	26	11	3	0	3	0	0	0	118	0	0	0	71263
5	0	51	0	1	0	0	0	20	71113	9	10	8	0	4	0	0	0	47	0	0	0	71263
6	0	0	5	0	0	0	13	0	0	1	0	19	8	0	46	71171	0	0	0	0	0	71263
7	0	0	71069	0	0	0	0	1	0	2	0	0	57	0	2	12	0	0	120	0	0	71263
8	0	32	17	71166	4	20	0	0	0	21	0	0	0	0	0	0	0	0	0	3	0	71263
9	1	0	36	0	0	0	60	0	0	0	0	8	67	0	93	70997	0	0	1	0	0	71263
10	0	0	40	30	0	1	0	0	0	61	0	2	0	0	0	0	30	82	16	70966	35	71263
11	0	0	13	1	0	17	0	0	0	0	0	1	0	7	60	71153	0	0	0	0	11	71263
12	0	0	1	19	0	12	0	0	0	0	0	7	0	0	2	49	0	10	0	12	71151	71263
13	0	52	52	71047	17	19	0	0	0	47	1	2	1	0	3	6	0	0	0	13	2	71262
14	0	8	9	28	1	2	0	1	6	1	0	0	1	47	0	2	36	71067	1	10	42	71262
15	1843	2026	2649	4599	5061	2361	1354	6284	3900	1500	8155	8275	4337	5201	1802	6686	177	2594	204	932	1321	71261
16	0	1	70829	29	1	1	0	0	0	38	3	0	0	161	55	52	2	1	1	84	3	71261
17	0	0	2	36	1	0	12	0	5	3	1	30	1	0	1	71089	11	0	17	1	51	71261
18	37	0	70998	25	4	16	0	3	0	148	1	1	0	0	0	6	18	0	0	0	3	71260
19	0	26	2	1	1	3	0	19	71073	69	22	18	0	4	1	6	1	13	0	0	1	71260
20	1	0	1	28	2	26	1	1	0	1	0	12	0	0	1	71025	21	0	0	1	138	71259
21	0	3	13	1	4	34	2	0	0	0	0	3	0	9	54	71098	0	0	0	0	38	71259
22	2	0	6	39	0	2	26	2	0	0	0	55	0	0	0	70870	30	0	66	2	157	71257
23	0	97	1	35	22	70929	17	0	1	1	0	103	0	0	1	6	0	0	0	1	38	71252
24	0	0	6	0	1	46	0	32	0	38	23	70926	0	0	0	178	1	0	0	0	1	71252
25	111	0	5	8	71084	0	16	0	0	0	11	0	0	0	11	0	0	0	0	0	0	71246
26	132	1	70860	64	3	3	105	1	0	62	0	0	0	0	0	1	1	0	12	0	0	71245
27	0	0	0	0	0	0	0	0	0	0	0	0	0	0	0	0	0	0	0	0	0	0
28	0	0	0	0	0	0	0	0	0	0	0	0	0	0	0	0	0	0	0	0	0	0
