	K	N	R	S	T	I	M	E	D	G	A	V	Q	H	P	L	*	Y	W	C	F	SUM
0	0	0	0	9	2	0	0	2	0	2	15559	3	0	0	1	0	0	0	0	0	0	15578
1	0	0	0	0	0	3	0	0	0	0	0	1	0	1	2	15571	0	0	0	0	0	15578
2	0	1	0	0	3	15570	0	0	0	0	0	3	0	0	0	1	0	0	0	0	0	15578
3	0	0	6	0	0	0	0	0	0	1	0	0	0	0	0	11	4	0	15543	10	3	15578
4	0	6	0	0	0	0	0	4	15556	3	2	1	0	0	0	0	0	6	0	0	0	15578
5	0	2	0	1	0	0	0	3	15564	2	3	1	0	0	0	0	0	2	0	0	0	15578
6	0	0	1	0	0	0	2	0	0	0	0	1	1	0	5	15568	0	0	0	0	0	15578
7	0	0	15544	0	0	0	0	0	0	1	1	0	5	0	0	2	0	0	25	0	0	15578
8	0	16	7	15539	1	6	0	0	0	5	0	0	0	0	0	0	0	0	0	4	0	15578
9	0	0	3	0	0	1	4	0	0	0	0	2	11	0	29	15528	0	0	0	0	0	15578
10	0	0	5	2	0	0	0	0	0	17	0	1	0	0	0	1	0	21	1	15520	10	15578
11	0	0	1	0	0	28	0	0	0	0	0	0	0	2	10	15534	0	0	0	0	3	15578
12	0	0	0	8	0	2	0	0	0	0	0	1	0	0	0	12	0	2	0	4	15549	15578
13	0	8	14	15514	2	5	0	0	0	9	3	14	0	0	0	7	0	0	0	2	0	15578
14	0	1	0	1	0	0	0	0	1	0	0	1	0	11	0	1	4	15542	0	7	9	15578
15	0	6	2	0	0	0	0	0	1	0	0	0	0	15541	25	1	0	2	0	0	0	15578
16	0	0	15511	3	0	0	0	0	0	0	0	0	0	32	12	7	0	0	0	13	0	15578
17	0	0	0	5	0	0	16	0	0	0	0	10	0	0	0	15533	1	0	4	0	9	15578
18	5	0	15513	6	1	7	0	1	0	39	0	0	0	0	0	1	4	0	0	0	0	15577
19	0	9	0	0	1	0	0	10	15521	25	4	2	0	2	0	0	0	3	0	0	0	15577
20	0	0	0	3	0	6	0	0	0	0	0	5	0	1	0	15528	3	0	0	0	31	15577
21	72	65	403	1066	682	826	3100	125	13	720	391	564	521	1028	76	2542	5	597	1300	1026	455	15577
22	0	0	0	4	0	1	6	0	0	0	0	15	0	0	0	15536	1	0	4	0	10	15577
23	0	15	1	3	9	15536	2	0	0	0	0	4	0	0	0	1	0	0	0	0	6	15577
24	0	0	0	0	0	15	0	2	0	4	7	15530	0	0	0	19	0	0	0	0	0	15577
25	2	0	3	0	15565	0	5	0	0	0	1	0	0	0	1	0	0	0	0	0	0	15577
26	44	0	15496	11	0	0	6	4	0	14	0	0	0	0	0	0	0	0	2	0	0	15577
27	0	0	0	0	0	0	0	0	0	0	0	0	0	0	0	0	0	0	0	0	0	0
28	0	0	0	0	0	0	0	0	0	0	0	0	0	0	0	0	0	0	0	0	0	0
