	K	N	R	S	T	I	M	E	D	G	A	V	Q	H	P	L	*	Y	W	C	F	SUM
0	0	0	0	51	21	0	0	33	0	3	74706	26	0	0	3	0	0	0	0	0	0	74843
1	0	0	5	0	0	20	0	0	0	0	0	6	0	4	9	74784	0	0	0	0	15	74843
2	1	3	0	0	10	74797	2	0	0	0	0	16	0	0	0	11	0	0	0	0	3	74843
3	0	0	13	5	0	0	0	0	0	6	0	0	0	0	0	62	118	0	74583	47	9	74843
4	0	27	0	5	0	0	0	24	74698	35	8	6	0	4	1	0	0	34	0	0	0	74842
5	0	43	0	4	0	0	0	23	74733	13	9	4	0	0	0	0	0	12	1	0	0	74842
6	0	0	1	1	0	1	20	0	0	0	0	4	7	0	53	74755	0	0	0	0	0	74842
7	0	0	74613	0	0	0	0	0	0	7	0	0	55	0	6	18	0	0	143	0	0	74842
8	0	50	58	74695	4	8	0	0	0	18	0	0	0	0	0	0	0	0	0	9	0	74842
9	0	0	28	0	0	0	43	0	0	0	0	5	39	0	93	74633	0	0	1	0	0	74842
10	0	0	44	17	0	0	0	0	0	74	0	2	0	0	0	0	8	99	6	74551	40	74841
11	0	0	15	1	0	14	0	0	0	0	0	7	0	8	49	74736	0	0	0	0	11	74841
12	1	0	0	25	0	10	0	0	0	2	0	8	0	0	0	35	0	10	0	6	74744	74841
13	0	46	57	74634	10	22	0	0	0	62	0	0	0	1	0	0	0	0	0	9	0	74841
14	1	8	1	30	0	1	0	0	5	0	0	0	0	31	0	1	39	74663	0	11	50	74841
15	2	25	23	0	4	0	0	0	4	0	0	0	23	74617	119	4	0	20	0	0	0	74841
16	0	0	74510	21	1	0	0	0	0	11	1	1	2	158	59	32	0	0	0	45	0	74841
17	0	0	0	44	0	0	38	0	1	1	0	34	0	0	0	74644	7	1	23	1	47	74841
18	20	0	74555	34	4	17	0	2	1	178	0	3	0	0	0	1	26	0	0	0	0	74841
19	1	42	0	1	1	0	0	25	74614	89	21	18	1	2	1	2	0	22	0	0	0	74840
20	2	0	1	28	0	39	0	0	1	0	2	20	1	1	0	74522	29	2	1	0	191	74840
21	1	0	19	2	1	27	0	0	0	0	1	0	1	10	75	74665	0	0	0	0	38	74840
22	0	0	0	16	0	1	7	0	0	0	0	17	0	0	0	74730	9	0	12	0	48	74840
23	0	33	2	24	18	74657	20	0	0	0	0	40	0	0	0	29	0	0	0	0	17	74840
24	0	0	1	1	1	52	0	54	1	34	21	74570	0	0	0	103	0	0	0	1	0	74839
25	23	1	12	10	74737	0	31	0	0	0	11	0	1	0	12	0	0	0	0	0	0	74838
26	134	0	74541	30	4	1	40	3	0	74	0	1	1	0	0	0	0	0	7	0	0	74836
27	0	0	0	0	0	0	0	0	0	0	0	0	0	0	0	0	0	0	0	0	0	0
28	0	0	0	0	0	0	0	0	0	0	0	0	0	0	0	0	0	0	0	0	0	0
