	K	N	R	S	T	I	M	E	D	G	A	V	Q	H	P	L	*	Y	W	C	F	SUM
0	0	0	0	18	1	0	0	15	0	0	23061	4	0	0	1	0	0	0	0	0	0	23100
1	0	0	1	0	0	6	0	0	0	0	0	1	0	2	3	23086	0	0	0	0	1	23100
2	0	1	0	1	4	23091	1	0	0	0	0	0	0	0	0	2	0	0	0	0	0	23100
3	0	0	5	1	0	0	0	0	0	0	0	0	0	0	0	17	6	0	23005	64	2	23100
4	0	8	0	0	0	0	0	53	23019	3	4	0	0	0	0	0	0	13	0	0	0	23100
5	0	11	0	0	0	0	0	2	23054	5	6	4	0	2	0	0	0	16	0	0	0	23100
6	0	0	1	0	0	0	8	0	0	0	0	0	2	0	11	23078	0	0	0	0	0	23100
7	0	0	23001	0	0	0	0	0	0	2	0	0	15	1	2	33	0	0	46	0	0	23100
8	0	25	13	23024	1	29	0	0	0	4	0	0	0	0	0	1	0	0	0	3	0	23100
9	0	0	15	0	0	0	49	0	0	0	0	2	19	0	39	22976	0	0	0	0	0	23100
10	0	0	13	6	0	0	0	0	0	18	0	4	0	0	0	0	6	22	3	23015	13	23100
11	0	0	4	0	0	4	0	0	0	0	0	1	0	3	14	23067	0	0	0	0	7	23100
12	0	0	0	3	0	7	0	0	0	0	0	1	0	0	0	13	0	0	0	6	23070	23100
13	0	20	13	23043	0	7	0	0	0	13	0	0	0	0	0	0	0	0	0	4	0	23100
14	0	2	0	9	0	0	0	1	1	0	0	0	0	11	0	0	7	23061	0	3	5	23100
15	0	15	4	0	1	0	0	0	2	0	1	0	6	23024	44	1	0	2	0	0	0	23100
16	0	1	22984	5	0	2	0	0	0	3	0	0	0	63	20	9	0	0	0	13	0	23100
17	16	59	35	911	4215	1835	879	31	22	1823	4035	2416	85	26	74	4877	5	120	83	365	1188	23100
18	9	0	23032	7	1	3	0	1	0	38	0	0	0	0	0	0	7	0	1	0	1	23100
19	0	12	0	3	0	0	0	7	23035	24	7	6	0	3	0	1	0	2	0	0	0	23100
20	2	0	0	7	0	5	0	0	0	0	0	8	0	0	0	23034	6	1	0	2	35	23100
21	0	0	2	0	0	9	0	0	0	0	0	1	0	2	15	23066	0	0	0	0	5	23100
22	0	0	0	8	0	0	3	0	0	0	0	2	0	0	0	23072	2	0	6	0	7	23100
23	0	5	0	5	6	23047	9	0	0	0	0	15	0	0	0	3	0	0	0	0	10	23100
24	0	0	1	0	0	13	0	9	0	9	14	23018	0	0	0	35	0	0	0	0	1	23100
25	12	0	4	1	23063	0	8	0	0	0	9	0	0	0	2	0	0	0	0	0	0	23099
26	28	0	23026	10	0	0	16	0	0	16	0	0	0	0	0	1	0	0	2	0	0	23099
27	0	0	0	0	0	0	0	0	0	0	0	0	0	0	0	0	0	0	0	0	0	0
28	0	0	0	0	0	0	0	0	0	0	0	0	0	0	0	0	0	0	0	0	0	0
