	K	N	R	S	T	I	M	E	D	G	A	V	Q	H	P	L	*	Y	W	C	F	SUM
0	0	0	0	10	1	0	0	17	0	0	24894	5	0	0	1	0	0	0	0	0	0	24928
1	0	0	1	0	0	8	0	0	0	0	0	0	0	4	5	24906	0	0	0	0	4	24928
2	0	2	0	0	8	24914	2	0	0	0	0	1	0	0	0	0	0	0	0	0	1	24928
3	0	0	6	0	0	0	0	0	0	1	0	0	0	0	0	26	9	0	24852	34	0	24928
4	0	7	0	0	0	0	0	8	24887	12	4	2	0	2	0	0	0	6	0	0	0	24928
5	0	17	0	0	0	0	0	5	24897	3	1	2	0	1	0	0	0	2	0	0	0	24928
6	0	0	2	0	0	0	14	0	0	0	0	0	1	0	25	24886	0	0	0	0	0	24928
7	0	0	24849	0	0	0	0	0	0	2	0	0	15	0	1	5	0	0	56	0	0	24928
8	0	40	49	24830	1	0	0	0	0	8	0	0	0	0	0	0	0	0	0	0	0	24928
9	0	0	15	0	0	0	15	0	0	0	0	1	19	1	45	24831	0	0	1	0	0	24928
10	0	0	11	7	0	1	0	0	0	16	0	0	0	0	0	0	1	39	2	24837	14	24928
11	0	0	3	0	0	104	0	0	0	0	0	2	0	6	16	24786	0	0	0	0	11	24928
12	0	0	0	11	1	2	0	0	0	1	0	1	0	0	0	30	0	0	0	2	24880	24928
13	167	280	316	2887	1968	1059	1128	238	58	2602	2678	3161	333	801	701	2755	26	1269	336	1575	590	24928
14	0	9	1	8	0	0	0	0	20	0	0	0	0	15	1	0	13	24811	0	9	41	24928
15	0	76	7	0	1	0	0	0	2	0	0	0	297	24481	40	6	0	18	0	0	0	24928
16	0	0	24808	11	0	0	0	1	0	3	0	0	1	43	21	18	0	0	0	21	1	24928
17	0	0	3	11	0	1	9	0	2	0	0	11	0	0	0	24868	2	0	10	0	11	24928
18	14	0	24837	8	2	2	0	0	2	56	0	0	0	0	0	2	5	0	0	0	0	24928
19	0	30	0	0	0	1	0	12	24836	21	11	8	0	1	0	3	0	5	0	0	0	24928
20	1	1	0	8	0	6	0	0	0	0	0	11	0	0	0	24845	6	1	0	1	48	24928
21	0	1	7	0	0	10	0	0	0	0	0	1	0	2	9	24886	0	0	0	1	11	24928
22	1	0	10	3	0	2	2	0	0	0	0	3	0	0	0	24886	2	0	2	0	17	24928
23	0	6	1	6	4	24879	5	0	1	0	0	11	0	0	0	4	0	0	0	0	10	24927
24	1	0	0	0	3	10	0	14	0	10	10	24848	0	0	0	31	0	0	0	0	0	24927
25	24	1	5	3	24876	0	7	0	0	0	5	0	0	0	5	0	0	0	0	0	0	24926
26	43	0	24829	15	3	0	11	1	0	17	0	0	1	0	0	0	0	0	3	0	0	24923
27	0	0	0	0	0	0	0	0	0	0	0	0	0	0	0	0	0	0	0	0	0	0
28	0	0	0	0	0	0	0	0	0	0	0	0	0	0	0	0	0	0	0	0	0	0
