	K	N	R	S	T	I	M	E	D	G	A	V	Q	H	P	L	*	Y	W	C	F	SUM
0	0	0	0	0	0	0	0	0	0	0	180	0	0	0	0	0	0	0	0	0	0	180
1	0	0	0	0	0	0	0	0	0	0	0	0	0	0	0	180	0	0	0	0	0	180
2	0	0	0	0	0	180	0	0	0	0	0	0	0	0	0	0	0	0	0	0	0	180
3	0	0	0	0	0	0	0	0	0	0	0	0	0	0	0	1	0	0	179	0	0	180
4	0	0	0	0	0	0	0	0	180	0	0	0	0	0	0	0	0	0	0	0	0	180
5	0	0	0	0	0	0	0	0	180	0	0	0	0	0	0	0	0	0	0	0	0	180
6	0	0	0	0	0	0	0	0	0	0	0	0	0	0	0	180	0	0	0	0	0	180
7	0	0	180	0	0	0	0	0	0	0	0	0	0	0	0	0	0	0	0	0	0	180
8	0	1	0	179	0	0	0	0	0	0	0	0	0	0	0	0	0	0	0	0	0	180
9	0	0	1	0	0	0	2	0	0	0	0	0	0	0	0	177	0	0	0	0	0	180
10	0	0	0	0	0	0	0	0	0	0	0	0	0	0	0	0	0	0	0	180	0	180
11	0	0	0	0	0	0	0	0	0	0	0	0	0	0	0	180	0	0	0	0	0	180
12	0	0	0	0	0	0	0	0	0	0	0	0	0	0	0	0	0	0	0	0	180	180
13	0	1	0	179	0	0	0	0	0	0	0	0	0	0	0	0	0	0	0	0	0	180
14	0	1	0	0	0	0	0	0	0	0	0	0	0	0	0	0	0	179	0	0	0	180
15	0	0	0	0	0	0	0	0	0	0	0	0	0	180	0	0	0	0	0	0	0	180
16	0	0	179	0	0	0	0	0	0	0	0	0	0	1	0	0	0	0	0	0	0	180
17	0	0	0	0	0	0	0	0	0	0	0	0	0	0	0	179	0	0	0	0	1	180
18	0	0	180	0	0	0	0	0	0	0	0	0	0	0	0	0	0	0	0	0	0	180
19	0	0	0	0	0	0	0	0	180	0	0	0	0	0	0	0	0	0	0	0	0	180
20	0	0	0	0	0	0	0	0	0	0	0	0	0	0	0	178	1	0	0	0	1	180
21	0	0	0	0	0	0	0	0	0	0	0	0	0	0	0	180	0	0	0	0	0	180
22	0	0	0	0	0	0	0	0	0	0	0	1	0	0	0	179	0	0	0	0	0	180
23	0	0	0	0	0	180	0	0	0	0	0	0	0	0	0	0	0	0	0	0	0	180
24	0	0	0	0	0	0	0	0	0	0	0	180	0	0	0	0	0	0	0	0	0	180
25	0	0	0	0	180	0	0	0	0	0	0	0	0	0	0	0	0	0	0	0	0	180
26	0	0	180	0	0	0	0	0	0	0	0	0	0	0	0	0	0	0	0	0	0	180
27	0	0	0	0	0	0	0	0	0	0	0	0	0	0	0	0	0	0	0	0	0	0
28	0	0	0	0	0	0	0	0	0	0	0	0	0	0	0	0	0	0	0	0	0	0
