	K	N	R	S	T	I	M	E	D	G	A	V	Q	H	P	L	*	Y	W	C	F	SUM
0	0	0	0	10	2	0	0	8	0	2	16003	4	0	0	2	0	0	0	0	0	0	16031
1	0	0	0	0	0	8	0	0	1	0	0	1	0	2	1	16016	0	0	0	0	2	16031
2	0	2	0	0	1	16026	0	0	0	0	0	0	0	0	0	1	0	0	0	0	1	16031
3	0	0	0	0	0	0	0	0	0	1	0	0	0	0	0	14	4	0	16004	7	1	16031
4	0	6	0	1	0	0	0	4	16006	3	2	2	0	0	0	0	0	7	0	0	0	16031
5	0	9	0	0	0	0	0	3	16014	1	1	1	0	0	0	0	0	2	0	0	0	16031
6	0	0	0	0	0	0	6	0	0	0	0	0	5	0	9	16011	0	0	0	0	0	16031
7	0	0	15992	0	0	0	0	0	0	1	0	0	10	0	1	4	0	0	23	0	0	16031
8	0	9	13	16001	2	1	0	0	0	4	0	0	0	0	0	0	0	0	0	1	0	16031
9	0	0	10	0	0	0	7	0	0	0	0	1	12	1	23	15977	0	0	0	0	0	16031
10	0	0	14	3	0	0	0	0	0	15	0	1	0	0	0	0	1	23	5	15953	16	16031
11	0	0	0	0	0	3	0	0	0	0	0	2	0	3	18	16002	0	0	0	0	3	16031
12	0	1	0	7	0	1	0	0	0	0	0	1	0	0	0	12	0	1	0	2	16006	16031
13	0	15	9	15970	7	5	0	0	0	12	1	1	0	0	0	0	1	0	3	7	0	16031
14	0	1	0	8	0	0	0	0	1	0	0	0	0	6	0	0	7	15995	0	5	8	16031
15	0	8	3	0	0	0	0	0	1	0	1	0	6	15973	32	4	0	3	0	0	0	16031
16	0	0	15941	5	2	0	0	0	0	5	1	1	0	42	14	10	0	0	0	10	0	16031
17	0	0	0	5	0	0	1	0	0	0	0	7	0	0	0	15998	4	0	7	0	9	16031
18	7	0	15953	5	0	12	0	0	0	44	0	0	0	0	0	0	10	0	0	0	0	16031
19	2	11	0	0	0	0	0	3	15984	16	7	4	0	1	0	0	0	3	0	0	0	16031
20	0	0	0	2	0	6	0	0	0	0	0	8	0	0	0	15974	10	1	0	0	29	16030
21	0	0	3	0	0	8	0	0	0	0	0	1	0	1	12	15994	0	0	0	0	11	16030
22	215	301	645	1460	1428	1155	320	501	380	727	1518	1642	616	288	479	2210	34	436	373	633	669	16030
23	0	14	1	7	2	15956	11	0	0	0	0	29	0	0	0	3	0	0	0	0	7	16030
24	1	0	0	0	0	21	0	15	0	10	6	15963	0	0	0	13	1	0	0	0	0	16030
25	3	0	1	4	16006	0	13	0	0	0	2	0	0	0	0	0	0	0	0	0	0	16029
26	26	0	15966	8	2	0	7	1	0	18	0	0	0	0	0	0	0	0	1	0	0	16029
27	0	0	0	0	0	0	0	0	0	0	0	0	0	0	0	0	0	0	0	0	0	0
28	0	0	0	0	0	0	0	0	0	0	0	0	0	0	0	0	0	0	0	0	0	0
