	K	N	R	S	T	I	M	E	D	G	A	V	Q	H	P	L	*	Y	W	C	F	SUM
0	0	0	0	13	2	0	0	6	0	1	25036	1	0	0	2	0	0	0	0	0	0	25061
1	0	0	0	0	0	7	0	0	0	0	0	0	0	4	3	25044	0	0	0	0	3	25061
2	0	0	0	0	2	25056	1	0	0	0	0	2	0	0	0	0	0	0	0	0	0	25061
3	0	0	6	2	0	0	0	0	0	3	0	0	0	0	0	21	14	0	24996	18	1	25061
4	0	8	0	0	0	0	0	65	24932	10	0	1	0	0	0	0	1	43	0	0	0	25060
5	0	9	0	0	0	0	0	3	25017	4	4	1	0	1	0	0	0	21	0	0	0	25060
6	0	0	1	0	0	0	9	0	0	0	0	0	3	0	13	25034	0	0	0	0	0	25060
7	0	0	24853	0	0	0	0	0	0	2	0	0	46	0	2	16	0	0	141	0	0	25060
8	0	17	114	24912	2	5	0	0	0	9	0	0	0	0	0	0	0	0	0	1	0	25060
9	0	0	12	0	0	0	58	0	0	0	0	4	15	0	25	24946	0	0	0	0	0	25060
10	0	0	17	6	0	1	0	0	0	26	0	0	0	0	0	0	5	22	6	24900	77	25060
11	0	0	8	0	0	14	0	0	0	0	0	0	0	4	21	25008	0	0	0	0	5	25060
12	0	0	1	12	0	2	0	0	0	0	0	3	0	0	0	16	0	6	0	4	25016	25060
13	1	20	8	25001	4	7	0	0	0	14	0	0	0	1	0	0	0	1	0	3	0	25060
14	1	1	0	8	0	0	0	0	2	0	0	0	0	11	0	1	6	25000	0	14	16	25060
15	0	17	10	1	1	0	0	0	1	0	0	0	7	24970	43	2	0	7	0	0	1	25060
16	0	0	24948	9	0	0	0	0	0	1	0	0	1	51	25	13	0	0	0	12	0	25060
17	0	0	0	9	1	1	3	0	0	1	0	12	0	0	0	25000	2	0	6	0	25	25060
18	135	829	3119	3014	1927	471	512	434	433	2988	2742	1031	898	1185	90	2156	20	1148	448	1064	416	25060
19	1	18	0	2	2	1	0	12	24928	53	9	7	0	7	0	1	0	19	0	0	0	25060
20	1	0	0	8	1	10	0	0	0	0	0	8	0	0	0	24964	14	1	0	1	52	25060
21	0	0	5	0	1	8	1	0	0	0	0	1	0	4	20	25009	0	0	0	0	11	25060
22	0	0	2	9	0	1	2	0	0	0	0	8	0	0	0	25015	1	0	5	0	16	25059
23	0	11	0	8	5	24998	9	0	1	0	0	12	0	0	0	1	0	0	0	0	13	25058
24	0	0	0	1	1	12	0	17	0	12	13	24970	0	0	0	31	0	0	0	0	0	25057
25	10	0	3	2	25020	0	6	0	0	0	10	0	1	0	5	0	0	0	0	0	0	25057
26	37	0	23974	21	1	22	975	2	0	21	0	1	0	0	0	0	0	0	1	0	0	25055
27	0	0	0	0	0	0	0	0	0	0	0	0	0	0	0	0	0	0	0	0	0	0
28	0	0	0	0	0	0	0	0	0	0	0	0	0	0	0	0	0	0	0	0	0	0
