	K	N	R	S	T	I	M	E	D	G	A	V	Q	H	P	L	*	Y	W	C	F	SUM
0	0	0	0	33	6	0	0	26	0	1	58910	15	0	0	1	0	0	0	0	0	0	58992
1	0	0	0	0	0	16	0	0	0	0	0	1	0	8	8	58952	0	0	0	0	7	58992
2	1	3	0	0	8	58965	1	0	0	0	0	5	0	0	0	7	0	0	0	0	2	58992
3	0	0	21	2	0	0	0	0	0	2	0	0	0	0	0	54	20	0	58807	81	5	58992
4	0	20	0	0	0	0	0	25	58887	18	9	2	0	2	0	0	0	28	0	0	0	58991
5	0	48	0	1	0	0	0	6	58901	8	9	10	0	1	0	0	0	7	0	0	0	58991
6	0	0	4	0	0	0	40	0	0	0	0	0	7	0	39	58901	0	0	0	0	0	58991
7	0	0	58767	1	0	0	0	0	0	5	0	0	33	0	18	41	0	0	126	0	0	58991
8	0	34	35	58866	2	34	0	0	0	17	0	0	0	0	0	0	0	0	0	3	0	58991
9	0	0	32	0	0	0	73	0	0	0	0	6	40	0	95	58745	0	0	0	0	0	58991
10	0	0	31	13	0	0	0	0	0	47	0	2	0	1	0	2	15	91	6	58749	34	58991
11	1	1	11	0	0	22	0	0	0	0	0	26	0	9	72	58819	0	0	0	1	29	58991
12	0	0	0	35	0	12	0	0	0	0	0	3	0	0	0	47	0	20	0	7	58867	58991
13	0	48	47	58551	4	22	43	0	0	111	0	2	0	1	1	114	0	3	25	18	1	58991
14	0	5	1	23	0	0	0	0	3	0	0	0	0	32	2	1	18	58835	1	19	51	58991
15	0	46	24	0	0	1	0	0	18	1	0	0	40	58752	82	9	0	18	0	0	0	58991
16	1	0	58692	19	0	0	0	0	0	7	0	0	0	149	57	34	0	0	0	30	2	58991
17	0	0	2	18	0	1	16	0	0	3	0	31	0	0	0	58850	6	0	21	0	42	58990
18	18	1	58758	19	39	12	2	1	3	119	0	0	0	0	0	1	15	0	0	0	0	58988
19	0	45	0	1	1	1	0	18	58824	55	13	9	0	6	0	1	0	9	0	1	2	58986
20	581	1053	1831	3977	1730	4388	253	1177	1922	4139	4674	5193	1540	2972	630	12475	89	3042	312	2558	4450	58986
21	1	0	27	4	2	49	0	0	1	1	1	8	0	7	62	58784	0	0	0	0	38	58985
22	0	0	2	8	0	3	1	0	0	1	0	11	0	0	0	58910	4	2	9	0	34	58985
23	0	29	0	7	21	58847	17	0	0	1	0	42	0	0	0	4	0	2	0	1	13	58984
24	0	0	1	0	5	26	0	40	0	19	19	58824	0	0	0	47	3	0	0	0	0	58984
25	22	0	11	8	58911	0	16	0	0	0	3	0	1	0	10	0	1	0	0	0	0	58983
26	104	2	58772	24	4	1	26	4	0	33	0	0	0	0	0	0	0	0	4	0	0	58974
27	0	0	0	0	0	0	0	0	0	0	0	0	0	0	0	0	0	0	0	0	0	0
28	0	0	0	0	0	0	0	0	0	0	0	0	0	0	0	0	0	0	0	0	0	0
