	K	N	R	S	T	I	M	E	D	G	A	V	Q	H	P	L	*	Y	W	C	F	SUM
0	0	0	0	79	30	0	0	72	0	4	153255	34	0	0	7	0	0	0	0	0	0	153481
1	0	0	2	1	0	43	0	0	0	0	0	7	2	21	17	153366	0	0	0	0	22	153481
2	0	6	0	8	16	153419	8	0	0	0	0	15	0	1	0	4	0	0	0	0	4	153481
3	0	0	37	5	0	0	0	0	0	8	0	0	0	0	0	208	74	0	152959	186	4	153481
4	0	90	0	1	0	0	0	50	153216	44	3	8	0	7	0	0	0	62	0	0	0	153481
5	1	141	0	0	0	1	0	17	153262	14	16	12	0	3	0	1	0	13	0	0	0	153481
6	1	0	12	0	0	0	38	0	0	0	0	0	29	0	110	153290	1	0	0	0	0	153481
7	1	0	152502	1	0	0	0	0	0	5	0	0	389	0	5	59	0	0	519	0	0	153481
8	1	133	112	153144	8	24	0	0	0	40	0	0	0	1	2	1	1	0	0	14	0	153481
9	0	0	72	0	1	2	84	0	0	0	0	11	104	0	211	152991	0	0	3	1	1	153481
10	0	0	86	36	0	0	0	0	0	123	0	4	0	0	2	1	25	239	28	152865	72	153481
11	1	0	32	1	0	176	0	0	0	0	0	7	0	26	121	153073	0	2	0	2	40	153481
12	0	0	0	37	1	22	0	0	0	1	0	12	0	0	1	116	1	28	1	26	153235	153481
13	0	122	107	152688	9	63	74	0	0	372	0	0	0	1	3	7	0	2	2	30	1	153481
14	1	14	0	43	0	1	0	1	16	0	0	1	0	123	3	4	54	153088	0	29	103	153481
15	1	166	44	1	3	1	0	2	6	1	2	1	98	152854	243	13	1	43	0	0	1	153481
16	1	0	152677	46	3	1	1	2	1	24	1	3	2	390	153	66	0	1	0	106	3	153481
17	0	1	2	62	2	4	35	0	0	1	0	87	0	0	1	153104	19	1	46	2	113	153480
18	81	2	152832	60	3	103	1	5	2	336	0	3	0	1	0	3	45	0	0	1	0	153478
19	2	88	0	4	2	1	0	47	153081	145	30	30	1	11	0	3	0	31	0	1	0	153477
20	1683	3775	3886	8191	2447	8144	274	3617	3832	12197	11745	18784	3426	5758	1253	30568	224	9278	833	12400	11161	153476
21	1	2	58	4	0	76	0	0	0	1	1	33	0	29	180	152989	1	1	0	1	97	153474
22	2	1	2	80	1	2	11	0	0	0	0	80	0	0	1	153149	9	1	29	1	105	153474
23	1	85	4	28	29	153084	47	0	3	0	1	98	0	0	0	24	0	0	0	0	70	153474
24	0	0	1	0	2	92	0	111	2	106	69	152902	0	0	0	185	1	0	0	1	1	153473
25	126	0	18	17	153112	0	153	1	0	1	16	0	0	0	28	0	0	0	0	0	0	153472
26	275	0	152886	67	2	2	100	7	0	112	0	2	2	0	0	2	0	0	7	0	0	153464
27	0	0	0	0	0	0	0	0	0	0	0	0	0	0	0	0	0	0	0	0	0	0
28	0	0	0	0	0	0	0	0	0	0	0	0	0	0	0	0	0	0	0	0	0	0
