	K	N	R	S	T	I	M	E	D	G	A	V	Q	H	P	L	*	Y	W	C	F	SUM
0	0	0	0	3	1	0	0	4	0	0	6509	2	0	0	0	0	0	0	0	0	0	6519
1	0	0	0	0	0	3	0	0	0	0	0	0	0	0	2	6514	0	0	0	0	0	6519
2	0	0	0	0	0	6518	0	0	0	0	0	1	0	0	0	0	0	0	0	0	0	6519
3	0	0	5	0	0	0	0	0	0	1	0	0	0	0	0	7	2	0	6496	8	0	6519
4	0	2	0	0	0	0	0	8	6498	3	1	1	0	0	0	0	0	2	0	0	0	6515
5	0	2	0	0	0	0	0	2	6507	0	1	0	0	1	0	0	0	2	0	0	0	6515
6	0	0	1	0	0	0	1	0	0	0	0	0	2	0	9	6502	0	0	0	0	0	6515
7	0	0	6500	0	0	0	0	0	0	0	0	0	6	0	0	0	0	0	9	0	0	6515
8	0	2	3	6507	0	0	0	0	0	1	0	0	0	0	0	1	0	0	0	1	0	6515
9	0	0	1	0	0	0	2	0	0	0	0	0	4	0	6	6501	0	0	0	1	0	6515
10	0	0	1	1	0	0	0	0	0	3	0	0	0	0	1	0	2	6	0	6496	5	6515
11	0	0	0	0	0	1	0	0	0	0	0	0	0	1	3	6500	0	0	0	0	10	6515
12	0	0	0	3	0	1	0	0	0	0	0	0	0	0	0	2	0	1	0	1	6507	6515
13	0	10	2	6486	1	4	0	0	0	5	1	0	0	0	0	0	0	1	0	2	0	6512
14	0	2	0	7	0	0	0	0	0	0	0	1	0	4	0	0	2	6489	0	3	4	6512
15	183	171	248	426	450	197	125	554	419	190	714	757	375	557	114	637	11	177	18	77	112	6512
16	0	0	6474	3	0	0	0	0	0	3	0	0	0	15	5	5	0	0	0	7	0	6512
17	0	0	1	3	0	0	0	0	0	0	0	6	0	0	0	6492	0	0	2	0	8	6512
18	3	0	6481	6	1	2	0	0	1	16	0	1	0	0	0	0	1	0	0	0	0	6512
19	0	0	0	0	0	0	0	2	6501	4	2	0	0	0	0	1	0	2	0	0	0	6512
20	1	0	0	4	0	0	2	0	0	0	0	1	0	0	0	6489	1	0	0	0	14	6512
21	0	0	1	0	0	2	0	0	0	0	0	1	0	1	5	6499	0	0	0	0	3	6512
22	0	0	0	4	0	1	1	0	0	0	0	0	0	0	0	6504	0	0	0	0	2	6512
23	0	5	0	0	2	6494	2	0	0	0	0	6	0	0	0	0	0	0	0	0	3	6512
24	0	0	0	0	1	3	0	4	0	4	2	6481	0	0	0	16	0	0	0	0	1	6512
25	8	0	3	0	6495	0	3	0	0	0	3	0	0	0	0	0	0	0	0	0	0	6512
26	6	0	6489	4	0	0	9	0	0	3	0	0	0	0	0	0	0	0	0	0	0	6511
27	0	0	0	0	0	0	0	0	0	0	0	0	0	0	0	0	0	0	0	0	0	0
28	0	0	0	0	0	0	0	0	0	0	0	0	0	0	0	0	0	0	0	0	0	0
