	K	N	R	S	T	I	M	E	D	G	A	V	Q	H	P	L	*	Y	W	C	F	SUM
0	0	0	0	9	1	0	0	4	0	0	13514	1	0	0	1	0	0	0	0	0	0	13530
1	0	0	0	0	0	3	0	0	0	0	0	0	0	2	0	13524	0	0	0	0	1	13530
2	0	4	0	0	2	13521	0	0	0	0	0	1	0	0	0	1	0	0	0	0	1	13530
3	0	0	3	0	0	0	0	0	0	2	0	0	0	0	0	18	5	0	13468	33	1	13530
4	0	2	0	0	0	0	0	37	13479	4	1	1	0	0	0	0	0	6	0	0	0	13530
5	0	8	0	1	0	0	0	3	13510	1	3	1	0	0	0	0	0	3	0	0	0	13530
6	0	0	4	0	0	0	0	0	0	0	0	0	2	0	6	13518	0	0	0	0	0	13530
7	0	0	13479	0	0	0	0	0	0	2	0	0	16	0	0	9	0	0	24	0	0	13530
8	0	3	18	13502	0	4	0	0	0	2	0	0	0	0	0	0	0	0	0	1	0	13530
9	0	0	7	0	0	0	27	0	0	0	0	0	5	0	22	13469	0	0	0	0	0	13530
10	0	0	4	6	0	0	0	0	0	15	0	0	0	0	0	0	2	45	3	13451	4	13530
11	0	0	2	0	0	3	0	0	0	0	0	0	0	1	7	13513	0	0	0	0	4	13530
12	0	0	0	4	0	3	0	0	0	0	0	1	0	0	0	8	1	2	0	2	13509	13530
13	0	7	7	13499	1	7	0	0	0	8	0	0	0	0	0	0	0	0	0	1	0	13530
14	0	1	0	5	0	0	0	0	2	0	0	0	0	5	1	0	4	13502	0	2	8	13530
15	0	7	5	0	1	0	0	0	1	0	0	0	4	13477	28	1	0	6	0	0	0	13530
16	0	0	13467	8	0	0	0	0	0	1	0	0	0	29	11	6	0	0	0	8	0	13530
17	7	30	32	551	2152	856	677	6	18	952	1715	1564	64	5	36	3743	4	81	54	138	845	13530
18	11	0	13483	8	0	5	0	0	0	19	0	0	0	0	0	0	4	0	0	0	0	13530
19	0	10	0	1	0	0	0	7	13481	19	2	10	0	0	0	0	0	0	0	0	0	13530
20	0	0	0	4	0	2	0	0	0	0	0	4	0	0	0	13495	3	0	0	0	22	13530
21	0	0	3	0	1	5	0	0	0	0	0	1	0	0	12	13503	0	0	0	0	5	13530
22	0	0	0	7	0	0	2	0	0	0	0	3	0	0	0	13509	1	0	3	0	5	13530
23	0	13	0	3	0	13494	2	0	0	0	0	12	0	0	0	1	0	0	0	1	4	13530
24	0	0	0	0	0	4	0	11	0	4	4	13487	0	0	0	19	1	0	0	0	0	13530
25	4	0	1	2	13517	0	3	0	0	0	2	0	0	0	1	0	0	0	0	0	0	13530
26	14	0	13491	4	0	1	6	1	0	12	0	0	0	0	0	0	0	0	1	0	0	13530
27	0	0	0	0	0	0	0	0	0	0	0	0	0	0	0	0	0	0	0	0	0	0
28	0	0	0	0	0	0	0	0	0	0	0	0	0	0	0	0	0	0	0	0	0	0
