	K	N	R	S	T	I	M	E	D	G	A	V	Q	H	P	L	*	Y	W	C	F	SUM
0	0	0	0	6	1	0	0	6	0	0	15070	2	0	0	0	0	0	0	0	0	0	15085
1	0	0	0	0	0	5	0	0	0	0	0	1	0	3	2	15073	0	0	0	0	1	15085
2	0	4	0	0	0	15078	1	0	0	0	0	1	0	0	0	1	0	0	0	0	0	15085
3	0	0	2	0	0	0	0	0	0	3	0	0	0	0	0	23	5	0	15042	10	0	15085
4	0	5	0	0	0	0	0	3	15063	5	1	0	0	0	0	0	0	8	0	0	0	15085
5	0	10	0	0	0	0	0	2	15070	1	2	0	0	0	0	0	0	0	0	0	0	15085
6	0	0	3	0	0	0	5	0	0	0	0	0	3	0	6	15068	0	0	0	0	0	15085
7	0	0	15029	0	0	0	0	0	0	0	0	0	9	0	0	22	0	0	25	0	0	15085
8	0	7	6	15065	1	3	0	0	0	3	0	0	0	0	0	0	0	0	0	0	0	15085
9	0	0	6	0	0	0	6	0	0	0	0	0	9	0	16	15047	0	0	0	0	1	15085
10	0	0	10	3	0	0	0	0	0	11	0	0	0	0	0	0	3	18	1	15022	17	15085
11	0	0	4	0	0	4	0	0	0	0	0	7	0	4	5	15054	0	0	0	0	7	15085
12	0	0	0	3	0	0	0	0	0	0	0	1	0	0	0	7	0	3	0	1	15070	15085
13	0	12	9	15038	3	1	0	0	0	19	0	0	0	0	0	0	1	0	0	1	1	15085
14	0	1	0	6	0	0	0	0	3	0	0	0	0	6	0	0	4	15054	0	3	8	15085
15	1	7	4	0	1	0	0	0	1	0	0	0	3	15044	16	3	0	5	0	0	0	15085
16	0	0	14989	8	0	1	0	0	0	4	0	0	0	54	11	9	0	0	0	9	0	15085
17	0	0	0	6	0	0	2	0	0	0	0	8	0	0	0	15048	0	0	7	0	14	15085
18	5	0	15034	3	0	7	0	2	0	28	0	0	0	0	0	0	6	0	0	0	0	15085
19	0	10	0	0	0	0	0	2	15040	18	5	2	0	2	0	0	0	6	0	0	0	15085
20	0	0	0	5	1	1	0	0	0	0	0	8	0	0	0	15040	6	2	0	0	22	15085
21	0	0	1	0	0	3	0	0	0	0	0	2	1	3	8	15056	0	0	0	0	11	15085
22	213	375	630	1296	1356	1030	345	386	384	607	1291	1740	502	265	476	2503	29	414	325	449	469	15085
23	0	7	2	5	3	15031	8	0	1	0	0	19	0	0	0	1	0	0	0	0	8	15085
24	0	0	0	0	0	11	0	11	0	11	10	15023	0	0	0	16	0	0	0	0	1	15083
25	5	0	5	1	15061	0	5	0	0	0	3	1	0	0	2	0	0	0	0	0	0	15083
26	19	0	15027	5	1	0	14	2	0	14	0	0	0	0	0	0	0	0	1	0	0	15083
27	0	0	0	0	0	0	0	0	0	0	0	0	0	0	0	0	0	0	0	0	0	0
28	0	0	0	0	0	0	0	0	0	0	0	0	0	0	0	0	0	0	0	0	0	0
