	K	N	R	S	T	I	M	E	D	G	A	V	Q	H	P	L	*	Y	W	C	F	SUM
0	0	0	0	9	2	0	0	14	0	2	22716	4	0	0	1	0	0	0	0	0	0	22748
1	0	0	0	0	0	8	0	0	0	0	0	2	0	1	1	22731	0	0	0	0	5	22748
2	0	2	0	1	3	22729	0	0	0	0	0	7	0	0	0	5	0	0	0	0	1	22748
3	0	0	5	1	0	0	0	0	0	0	0	0	0	0	0	23	5	0	22669	43	2	22748
4	0	8	0	1	0	0	0	47	22676	6	2	0	0	1	0	0	0	7	0	0	0	22748
5	0	8	0	0	0	0	0	6	22716	4	2	3	0	0	0	0	0	9	0	0	0	22748
6	0	0	0	0	0	0	15	0	0	0	0	1	4	0	15	22713	0	0	0	0	0	22748
7	0	0	22510	0	0	0	0	0	0	3	0	0	30	0	1	78	0	0	126	0	0	22748
8	0	12	32	22689	0	11	0	0	0	3	0	0	0	0	0	1	0	0	0	0	0	22748
9	0	0	6	0	0	0	34	0	0	0	0	3	15	0	30	22660	0	0	0	0	0	22748
10	0	0	6	5	0	0	0	0	0	22	0	0	0	0	0	0	4	21	4	22628	58	22748
11	0	0	3	0	0	16	0	0	0	0	0	1	0	8	19	22697	0	0	0	0	4	22748
12	0	0	0	6	0	1	0	0	0	0	0	1	0	0	0	16	0	1	0	3	22720	22748
13	0	22	18	22683	3	7	0	0	0	11	0	0	0	0	0	1	0	0	0	3	0	22748
14	0	1	0	10	0	0	0	0	1	0	0	0	0	14	0	1	9	22694	0	7	11	22748
15	0	14	6	0	0	0	0	0	4	0	1	0	5	22667	43	4	0	4	0	0	0	22748
16	0	0	22647	3	0	0	0	0	0	9	1	2	0	47	16	8	0	0	1	13	1	22748
17	0	0	0	10	0	0	4	0	0	0	0	12	0	0	1	22682	4	0	7	0	28	22748
18	109	829	2650	1934	1412	258	269	453	448	2637	1992	819	2146	1565	140	1403	16	1064	437	1720	447	22748
19	0	16	0	1	0	0	0	10	22626	39	20	12	0	7	0	0	0	15	0	2	0	22748
20	1	0	1	11	0	5	0	0	0	0	0	4	0	1	0	22624	16	3	0	2	80	22748
21	0	0	10	0	1	8	1	0	0	0	0	2	0	6	17	22689	0	0	0	1	13	22748
22	1	0	0	9	0	0	0	0	0	0	0	7	0	0	0	22712	2	0	5	0	12	22748
23	1	9	0	5	10	22702	3	0	0	0	0	4	0	0	0	0	0	0	0	2	11	22747
24	0	0	1	0	0	13	0	18	0	13	5	22672	0	0	0	24	0	0	0	0	0	22746
25	1	0	1	1	22732	1	2	0	0	0	7	0	0	0	0	0	0	0	0	0	0	22745
26	29	0	21898	15	2	15	757	1	0	20	0	2	0	0	0	1	0	0	4	0	0	22744
27	0	0	0	0	0	0	0	0	0	0	0	0	0	0	0	0	0	0	0	0	0	0
28	0	0	0	0	0	0	0	0	0	0	0	0	0	0	0	0	0	0	0	0	0	0
