	K	N	R	S	T	I	M	E	D	G	A	V	Q	H	P	L	*	Y	W	C	F	SUM
0	0	0	0	5	2	0	0	3	0	0	11547	5	0	0	0	0	1	0	0	0	0	11563
1	0	0	0	0	0	2	0	0	0	0	0	0	0	2	2	11555	0	0	0	0	2	11563
2	0	4	0	0	0	11551	0	0	0	0	0	1	0	0	0	3	0	0	0	0	4	11563
3	0	0	4	1	0	0	0	0	0	0	0	0	0	0	0	30	9	0	11467	51	1	11563
4	0	7	0	0	0	0	0	6	11520	4	1	0	0	0	0	0	0	25	0	0	0	11563
5	0	3	0	1	0	0	0	3	11547	2	1	3	0	0	0	0	0	3	0	0	0	11563
6	0	0	0	0	0	0	8	0	0	0	0	0	2	0	9	11544	0	0	0	0	0	11563
7	0	0	11536	0	0	0	0	0	0	1	0	0	9	0	1	1	0	0	15	0	0	11563
8	0	2	2	11556	0	0	0	0	0	3	0	0	0	0	0	0	0	0	0	0	0	11563
9	0	0	4	0	0	0	9	0	0	0	0	3	10	0	17	11520	0	0	0	0	0	11563
10	0	0	11	2	0	0	0	0	0	11	1	0	0	0	0	0	1	15	3	11516	3	11563
11	0	0	1	0	0	0	0	0	0	0	0	0	0	1	6	11552	0	0	0	0	3	11563
12	0	0	0	2	1	3	0	0	0	0	0	0	0	0	0	4	0	7	0	1	11545	11563
13	0	17	4	11529	4	1	0	0	0	6	0	0	0	0	0	0	0	0	0	2	0	11563
14	33	129	315	268	38	1730	27	90	38	318	121	320	190	578	13	2425	12	1568	17	2566	767	11563
15	0	12	3	0	0	0	0	0	2	0	0	1	4	11510	27	1	0	3	0	0	0	11563
16	0	0	11503	11	0	0	0	0	0	4	0	0	0	17	12	4	0	1	0	10	1	11563
17	0	0	0	6	0	0	1	0	0	0	0	6	0	0	0	11540	1	0	1	0	8	11563
18	1	0	11523	5	1	3	0	1	0	28	0	0	0	0	0	0	1	0	0	0	0	11563
19	0	5	0	0	0	0	0	4	11529	12	5	2	0	2	0	0	0	4	0	0	0	11563
20	0	0	0	5	1	6	0	0	0	0	0	2	0	0	1	11516	3	0	0	0	29	11563
21	0	0	3	0	0	3	0	0	0	0	0	0	0	1	13	11537	0	0	0	0	6	11563
22	0	0	0	4	1	1	0	0	0	0	0	3	0	0	0	11545	1	0	4	0	4	11563
23	0	2	0	5	0	11542	4	0	0	0	0	8	0	0	0	0	0	0	0	0	2	11563
24	0	0	0	0	1	2	0	6	0	3	0	11529	0	0	0	21	1	0	0	0	0	11563
25	6	0	2	2	11534	0	15	0	0	0	2	0	0	0	2	0	0	0	0	0	0	11563
26	23	0	11511	4	1	0	13	1	0	9	0	0	0	0	0	0	0	0	0	0	0	11562
27	0	0	0	0	0	0	0	0	0	0	0	0	0	0	0	0	0	0	0	0	0	0
28	0	0	0	0	0	0	0	0	0	0	0	0	0	0	0	0	0	0	0	0	0	0
