	K	N	R	S	T	I	M	E	D	G	A	V	Q	H	P	L	*	Y	W	C	F	SUM
0	0	0	0	31	4	0	0	20	0	0	57195	21	0	0	5	0	0	0	0	0	0	57276
1	0	0	1	0	0	14	0	0	0	0	0	3	1	7	10	57230	0	0	0	0	10	57276
2	0	1	1	1	7	57251	2	0	0	0	0	5	0	0	0	3	0	0	0	0	5	57276
3	0	0	14	5	0	0	0	0	0	3	0	0	0	0	0	66	21	0	57002	164	1	57276
4	0	16	0	1	0	0	0	198	57014	17	3	2	0	1	0	0	0	24	0	0	0	57276
5	0	20	0	1	0	0	0	7	57216	6	4	5	0	1	0	0	0	15	0	1	0	57276
6	0	0	1	0	0	0	6	0	0	0	0	1	6	0	27	57235	0	0	0	0	0	57276
7	0	0	57070	0	0	0	0	0	0	5	0	0	63	0	4	27	0	0	107	0	0	57276
8	0	16	38	57189	3	17	0	0	0	9	0	0	0	1	0	0	0	0	0	3	0	57276
9	0	0	20	0	0	1	102	0	0	0	0	7	55	0	84	57006	0	0	0	0	1	57276
10	0	0	33	22	0	0	0	0	0	61	0	3	0	0	0	0	8	159	7	56966	17	57276
11	0	0	11	0	0	14	0	0	0	0	0	3	0	6	48	57183	0	0	0	1	10	57276
12	0	0	0	14	0	6	0	0	0	0	0	2	0	0	0	36	0	4	0	7	57207	57276
13	0	45	46	57115	7	17	1	0	0	35	0	0	0	0	0	1	0	0	0	8	0	57275
14	0	4	0	26	1	0	0	0	5	0	0	0	0	30	0	0	15	57163	0	6	25	57275
15	1	26	22	1	1	0	0	0	2	0	1	1	24	57082	104	3	0	7	0	0	0	57275
16	0	2	56921	23	1	1	1	0	0	11	0	1	0	172	50	24	0	1	0	67	0	57275
17	39	125	125	2463	8905	3675	2883	31	80	4057	7134	6510	273	43	152	15881	16	329	247	531	3776	57275
18	41	0	57075	12	2	13	2	2	0	100	0	1	3	0	0	1	22	0	0	0	1	57275
19	1	17	0	4	1	0	0	19	57119	61	14	20	0	2	1	1	1	13	0	1	0	57275
20	0	0	0	25	2	25	0	0	0	0	1	14	0	0	0	57062	21	1	0	2	122	57275
21	1	0	13	1	1	25	0	0	0	1	0	0	0	8	41	57163	0	0	0	0	21	57275
22	0	0	0	29	0	0	7	0	0	0	0	14	0	0	0	57188	1	0	10	0	24	57273
23	0	20	0	6	20	57155	15	0	0	0	0	27	0	1	0	6	0	0	0	0	23	57273
24	0	0	1	0	0	26	0	29	0	26	30	57083	1	0	0	72	2	0	0	0	2	57272
25	18	1	2	6	57216	0	10	0	0	0	10	1	0	0	6	0	0	0	0	0	0	57270
26	91	1	57073	23	2	0	28	3	0	44	0	1	0	0	0	0	0	0	4	0	0	57270
27	0	0	0	0	0	0	0	0	0	0	0	0	0	0	0	0	0	0	0	0	0	0
28	0	0	0	0	0	0	0	0	0	0	0	0	0	0	0	0	0	0	0	0	0	0
