	K	N	R	S	T	I	M	E	D	G	A	V	Q	H	P	L	*	Y	W	C	F	SUM
0	0	0	0	13	3	0	0	6	0	0	22364	3	0	0	0	0	0	0	0	0	0	22389
1	0	0	1	0	0	3	0	0	0	0	0	1	0	2	3	22375	0	0	0	0	4	22389
2	1	2	0	0	2	22379	0	0	0	0	0	3	0	0	0	1	0	0	0	0	1	22389
3	0	0	8	0	0	0	0	0	0	3	0	0	0	0	0	13	5	0	22350	9	1	22389
4	0	4	0	0	0	0	0	6	22356	6	3	3	0	0	0	0	0	11	0	0	0	22389
5	0	6	0	2	0	0	0	2	22373	1	4	1	0	0	0	0	0	0	0	0	0	22389
6	1	0	1	0	0	0	2	0	0	0	0	0	3	0	10	22372	0	0	0	0	0	22389
7	0	0	22327	0	0	0	0	0	0	2	0	0	17	0	1	10	0	0	32	0	0	22389
8	0	16	13	22348	1	3	0	0	0	8	0	0	0	0	0	0	0	0	0	0	0	22389
9	0	0	11	0	0	0	12	0	0	1	0	2	11	0	37	22315	0	0	0	0	0	22389
10	0	0	21	7	0	0	0	0	0	21	0	1	0	0	0	0	4	42	2	22281	10	22389
11	0	0	4	1	1	3623	1	0	0	0	0	4	0	2	15	18728	0	0	0	0	10	22389
12	0	0	0	4	0	0	0	0	0	0	0	4	0	0	0	15	0	2	0	3	22361	22389
13	0	14	14	22297	36	5	0	0	0	21	0	0	0	0	0	0	0	0	0	2	0	22389
14	0	1	0	4	0	0	0	0	1	0	0	0	0	9	0	0	3	22356	0	4	11	22389
15	0	8	0	0	1	0	0	0	0	0	0	0	8	22332	35	2	0	3	0	0	0	22389
16	0	0	22301	4	0	0	1	0	0	7	0	0	0	34	21	10	0	0	0	11	0	22389
17	0	0	0	5	0	0	4	0	0	1	0	6	0	0	0	22339	0	1	7	2	24	22389
18	8	0	22298	9	0	8	0	0	0	60	0	0	0	0	0	0	6	0	0	0	0	22389
19	0	11	0	1	0	0	0	8	22326	28	5	4	0	0	0	0	0	6	0	0	0	22389
20	0	0	0	4	0	7	0	0	0	0	0	8	0	0	0	22324	8	1	0	1	36	22389
21	149	353	802	1620	1416	1027	1241	79	25	1132	1134	829	738	1118	105	3233	17	1859	4113	745	654	22389
22	0	0	0	7	0	1	6	0	0	0	0	23	0	0	0	22330	1	0	6	0	15	22389
23	0	12	2	5	8	22317	11	0	1	0	0	18	0	0	0	5	0	1	0	0	9	22389
24	0	0	0	0	0	23	0	17	0	8	7	22309	0	0	0	23	1	0	0	0	0	22388
25	7	0	3	2	22361	0	7	0	0	0	3	0	0	0	4	0	0	0	0	0	0	22387
26	46	0	22311	6	0	0	9	0	0	14	0	0	0	0	0	0	0	0	1	0	0	22387
27	0	0	0	0	0	0	0	0	0	0	0	0	0	0	0	0	0	0	0	0	0	0
28	0	0	0	0	0	0	0	0	0	0	0	0	0	0	0	0	0	0	0	0	0	0
