	K	N	R	S	T	I	M	E	D	G	A	V	Q	H	P	L	*	Y	W	C	F	SUM
0	0	0	0	6	1	0	0	4	0	0	14011	3	0	0	0	0	0	0	0	0	0	14025
1	0	0	0	0	0	5	0	0	0	0	0	0	1	0	1	14014	0	0	0	0	4	14025
2	0	2	1	1	0	14017	0	0	0	0	0	0	0	0	0	2	0	0	0	0	2	14025
3	0	0	5	0	0	0	0	0	0	4	0	0	0	0	0	27	8	0	13888	92	1	14025
4	0	4	0	0	0	0	0	9	13984	3	3	0	0	1	0	0	0	21	0	0	0	14025
5	0	8	0	0	0	0	0	0	14000	2	4	2	0	0	0	0	0	9	0	0	0	14025
6	1	0	2	0	0	0	3	0	0	0	0	0	0	0	22	13997	0	0	0	0	0	14025
7	0	0	13984	0	0	0	0	0	0	1	0	0	3	0	2	1	0	0	34	0	0	14025
8	0	11	10	13992	2	2	0	0	0	7	0	0	0	0	0	0	0	0	0	1	0	14025
9	0	0	11	0	0	1	7	0	0	0	0	2	15	0	16	13973	0	0	0	0	0	14025
10	0	0	9	4	0	0	0	0	0	10	0	0	0	0	0	0	2	47	2	13945	6	14025
11	0	0	0	0	0	1	0	0	0	0	0	0	0	2	12	14008	0	0	0	0	2	14025
12	0	0	0	3	0	3	0	0	0	0	0	4	0	0	0	6	0	1	0	1	14007	14025
13	0	8	8	13995	2	1	0	0	0	9	1	0	0	0	0	0	0	0	0	1	0	14025
14	53	197	396	333	111	1516	21	176	56	399	149	451	307	615	24	3007	10	3079	19	1596	1510	14025
15	0	2	3	0	1	0	0	0	0	0	0	1	6	13968	34	2	0	8	0	0	0	14025
16	0	0	13967	4	0	0	0	0	0	9	0	0	1	17	8	3	0	0	0	16	0	14025
17	0	0	0	9	0	0	1	0	0	0	0	2	0	0	0	13995	2	0	2	0	14	14025
18	3	0	13967	3	2	1	0	1	0	40	0	0	0	0	0	0	8	0	0	0	0	14025
19	0	8	0	0	0	0	0	4	13984	16	3	5	0	2	0	0	0	3	0	0	0	14025
20	0	0	0	6	1	2	0	0	0	0	0	4	0	0	0	13979	6	1	0	0	26	14025
21	0	1	1	1	0	3	0	0	0	0	0	0	0	0	15	13995	0	0	0	0	9	14025
22	0	0	0	3	0	0	1	1	0	0	0	5	0	0	0	14004	0	0	1	1	9	14025
23	0	7	0	0	1	13992	2	0	0	0	0	15	0	0	0	0	0	0	0	0	8	14025
24	0	0	0	0	0	11	0	9	0	3	7	13979	0	0	0	14	0	0	0	0	2	14025
25	61	0	2	0	13958	0	2	0	0	0	0	0	0	0	1	0	0	0	0	0	0	14024
26	16	0	13947	17	0	0	27	1	0	13	0	1	0	0	0	0	0	0	2	0	0	14024
27	0	0	0	0	0	0	0	0	0	0	0	0	0	0	0	0	0	0	0	0	0	0
28	0	0	0	0	0	0	0	0	0	0	0	0	0	0	0	0	0	0	0	0	0	0
