	K	N	R	S	T	I	M	E	D	G	A	V	Q	H	P	L	*	Y	W	C	F	SUM
0	0	0	0	0	0	0	0	1	0	0	2851	1	0	0	1	0	0	0	0	0	0	2854
1	0	0	0	0	0	2	0	0	0	0	0	0	0	0	0	2852	0	0	0	0	0	2854
2	0	0	0	0	2	2851	0	0	0	0	0	0	0	0	0	0	0	0	0	0	1	2854
3	0	0	0	0	0	0	0	0	0	1	0	0	0	0	0	6	1	0	2845	1	0	2854
4	0	2	0	0	0	0	0	0	2851	0	0	0	0	0	0	0	0	1	0	0	0	2854
5	0	2	0	0	0	0	0	0	2851	0	1	0	0	0	0	0	0	0	0	0	0	2854
6	0	0	0	1	0	0	0	0	0	0	0	0	0	0	0	2853	0	0	0	0	0	2854
7	0	0	2844	0	0	0	0	0	0	0	0	0	3	0	0	0	0	0	7	0	0	2854
8	0	2	1	2851	0	0	0	0	0	0	0	0	0	0	0	0	0	0	0	0	0	2854
9	0	0	1	0	0	0	1	0	0	0	0	0	0	0	6	2846	0	0	0	0	0	2854
10	0	0	2	0	0	0	0	0	0	4	0	0	0	0	0	0	0	4	0	2842	2	2854
11	0	0	0	0	0	0	0	0	0	0	0	0	0	0	1	2853	0	0	0	0	0	2854
12	0	0	0	4	0	1	0	0	0	0	0	1	0	0	0	1	0	1	0	1	2845	2854
13	0	2	1	2846	0	1	0	0	0	2	0	0	0	0	0	0	0	0	2	0	0	2854
14	0	0	0	0	0	0	0	0	0	0	0	0	0	3	0	0	1	2846	0	0	4	2854
15	0	1	1	0	0	0	0	0	0	0	0	0	1	2848	3	0	0	0	0	0	0	2854
16	0	0	2836	0	0	0	0	0	0	2	0	0	0	10	1	3	0	0	0	2	0	2854
17	0	0	0	0	0	0	2	0	0	0	0	0	0	0	0	2849	0	0	0	0	3	2854
18	0	0	2846	3	0	0	0	0	0	5	0	0	0	0	0	0	0	0	0	0	0	2854
19	0	1	0	0	0	0	0	0	2848	2	1	1	0	0	0	0	0	1	0	0	0	2854
20	0	0	0	0	0	0	0	0	0	0	0	1	0	0	0	2847	1	0	0	0	4	2853
21	0	0	1	0	0	1	0	0	0	0	0	0	0	1	0	2849	0	0	0	0	1	2853
22	46	70	98	254	257	208	48	84	63	142	288	283	107	56	95	387	6	68	70	101	122	2853
23	0	2	0	0	0	2845	1	0	0	0	0	3	0	0	0	0	0	0	0	0	2	2853
24	0	0	0	0	0	3	0	3	0	1	2	2843	0	0	0	1	0	0	0	0	0	2853
25	2	0	0	1	2847	0	3	0	0	0	0	0	0	0	0	0	0	0	0	0	0	2853
26	2	0	2843	2	0	0	3	1	0	2	0	0	0	0	0	0	0	0	0	0	0	2853
27	0	0	0	0	0	0	0	0	0	0	0	0	0	0	0	0	0	0	0	0	0	0
28	0	0	0	0	0	0	0	0	0	0	0	0	0	0	0	0	0	0	0	0	0	0
