	K	N	R	S	T	I	M	E	D	G	A	V	Q	H	P	L	*	Y	W	C	F	SUM
0	0	1	1	79	14	0	0	51	0	7	120418	28	0	0	4	0	0	0	0	0	0	120603
1	0	0	12	1	0	38	0	0	0	1	1	5	1	13	13	120501	0	0	0	0	17	120603
2	0	8	1	2	21	120544	2	0	0	0	0	6	0	0	0	15	0	0	0	0	4	120603
3	0	0	33	3	0	0	0	0	0	9	0	0	0	0	0	116	57	2	120185	188	10	120603
4	2	42	0	4	1	0	0	41	120405	34	12	8	0	1	0	1	0	52	0	0	0	120603
5	0	58	0	2	0	0	0	10	120460	11	25	18	0	1	0	0	0	17	0	0	1	120603
6	1	0	9	1	0	0	77	1	0	0	0	1	19	0	59	120435	0	0	0	0	0	120603
7	0	0	120063	1	0	0	0	0	0	4	0	0	85	0	60	84	0	1	305	0	0	120603
8	0	73	82	120339	2	59	0	0	0	37	0	0	0	2	0	2	0	0	0	7	0	120603
9	0	0	45	0	1	0	136	0	0	0	0	8	107	0	160	120146	0	0	0	0	0	120603
10	0	1	64	33	0	1	0	0	1	137	0	9	0	0	1	1	19	205	29	120020	82	120603
11	0	1	16	1	0	45	0	0	0	0	0	54	0	19	94	120296	0	0	0	0	77	120603
12	0	0	0	49	0	20	0	0	1	0	0	5	0	0	0	105	1	26	0	24	120372	120603
13	0	103	75	119665	17	41	107	0	0	220	1	0	0	1	4	286	0	2	50	30	1	120603
14	1	3	1	40	1	0	0	2	10	0	0	1	0	58	2	4	43	120321	0	27	88	120602
15	2	100	30	0	7	0	0	1	33	2	0	1	70	120075	215	20	0	45	0	0	1	120602
16	1	0	120004	22	3	3	0	0	1	11	2	0	0	282	116	68	1	0	0	83	5	120602
17	0	0	4	51	0	0	31	0	0	1	1	51	0	0	1	120308	6	0	41	3	104	120602
18	33	0	120147	30	66	26	1	7	2	235	1	2	0	0	1	4	44	0	0	0	0	120599
19	0	61	1	6	0	2	0	34	120282	121	39	19	1	2	0	2	1	23	0	0	0	120594
20	1197	2192	3733	8154	3768	8812	594	2475	3945	8608	9316	10457	3184	5810	1258	25511	206	6471	635	5294	8973	120593
21	0	0	42	3	1	78	0	0	0	1	0	28	0	22	160	120179	0	1	0	0	77	120592
22	0	0	1	24	2	3	15	0	0	0	0	28	0	0	0	120391	14	18	32	0	62	120590
23	0	54	4	39	29	120290	31	0	1	0	0	87	0	0	1	12	0	0	0	0	40	120588
24	0	0	0	0	4	75	0	92	1	51	43	120174	0	0	1	137	1	0	0	0	3	120582
25	49	0	13	9	120424	0	32	0	0	0	22	0	1	0	32	0	0	0	0	0	0	120582
26	212	1	120106	40	9	2	66	5	0	121	0	0	0	0	0	1	0	0	9	0	0	120572
27	0	0	0	0	0	0	0	0	0	0	0	0	0	0	0	0	0	0	0	0	0	0
28	0	0	0	0	0	0	0	0	0	0	0	0	0	0	0	0	0	0	0	0	0	0
