	K	N	R	S	T	I	M	E	D	G	A	V	Q	H	P	L	*	Y	W	C	F	SUM
0	0	0	0	9	1	0	0	11	0	0	19702	4	0	0	0	0	0	0	0	0	0	19727
1	1	0	0	0	0	10	0	0	0	0	0	0	0	4	2	19708	0	0	0	0	2	19727
2	0	2	0	0	1	19719	0	0	0	0	0	0	0	0	0	4	0	0	0	0	1	19727
3	0	0	4	2	0	0	0	0	0	1	0	0	0	0	0	19	4	0	19678	19	0	19727
4	0	2	0	0	0	0	0	13	19703	3	0	0	0	0	0	0	0	6	0	0	0	19727
5	0	13	0	0	0	0	0	3	19700	1	4	3	0	0	0	0	0	3	0	0	0	19727
6	0	0	3	0	0	0	1	0	0	0	0	0	4	0	9	19710	0	0	0	0	0	19727
7	0	0	19640	0	0	0	0	0	0	1	0	0	18	0	0	29	0	0	39	0	0	19727
8	0	8	11	19699	2	2	0	0	0	2	0	0	0	0	0	0	0	0	0	3	0	19727
9	0	0	4	0	0	0	10	0	0	0	0	3	16	0	30	19664	0	0	0	0	0	19727
10	0	0	14	7	0	0	0	0	0	20	0	0	0	0	0	0	3	39	3	19619	22	19727
11	0	0	3	0	0	6	0	0	0	0	0	9	0	5	10	19691	0	0	0	0	3	19727
12	0	4	0	4	0	2	0	0	0	0	0	2	0	0	0	13	0	2	0	2	19698	19727
13	2	18	14	19656	1	8	0	0	0	25	0	0	0	0	0	1	0	0	0	2	0	19727
14	1	2	0	11	0	0	0	0	3	0	0	0	0	9	0	0	3	19681	0	6	11	19727
15	2	7	4	0	1	0	0	0	3	0	0	0	9	19659	33	4	0	5	0	0	0	19727
16	1	0	19582	4	0	0	0	0	0	1	0	0	0	93	17	17	0	1	0	11	0	19727
17	0	0	0	11	0	0	4	0	0	0	0	11	0	0	0	19679	3	0	8	0	11	19727
18	8	0	19646	13	0	4	0	1	1	47	0	0	0	0	1	0	4	0	2	0	0	19727
19	0	16	0	0	0	0	0	11	19648	30	6	8	0	1	0	1	0	5	0	1	0	19727
20	0	0	0	2	0	5	0	0	0	0	0	9	0	0	0	19668	6	0	0	0	37	19727
21	0	0	7	0	0	7	0	0	0	1	0	0	0	2	10	19690	0	0	0	0	10	19727
22	246	473	820	1732	1841	1319	457	452	501	815	1623	2250	637	338	644	3295	31	560	434	647	612	19727
23	0	16	0	8	4	19668	5	0	1	1	0	12	0	0	0	2	0	0	0	2	8	19727
24	0	0	0	2	1	10	0	15	0	9	9	19666	0	0	0	13	1	0	0	0	0	19726
25	10	0	3	0	19709	0	3	0	0	0	1	0	0	0	0	0	0	0	0	0	0	19726
26	39	0	19638	4	1	0	17	0	0	19	1	0	1	0	0	0	0	0	5	0	0	19725
27	0	0	0	0	0	0	0	0	0	0	0	0	0	0	0	0	0	0	0	0	0	0
28	0	0	0	0	0	0	0	0	0	0	0	0	0	0	0	0	0	0	0	0	0	0
