	K	N	R	S	T	I	M	E	D	G	A	V	Q	H	P	L	*	Y	W	C	F	SUM
0	0	0	0	12	2	0	0	10	0	0	16508	0	0	0	1	0	0	0	0	0	0	16533
1	0	0	1	0	0	5	0	0	0	0	0	3	0	3	3	16514	0	0	0	0	4	16533
2	0	0	0	0	2	16526	1	0	0	0	0	1	0	0	0	1	0	0	0	0	2	16533
3	0	0	3	1	0	0	0	0	0	3	0	0	0	0	0	24	12	0	16478	11	1	16533
4	0	7	0	0	0	0	0	7	16508	5	1	0	0	0	0	0	0	5	0	0	0	16533
5	0	13	0	0	0	0	0	6	16507	4	0	0	0	1	0	0	0	2	0	0	0	16533
6	0	0	2	0	0	0	2	0	0	0	0	0	2	0	5	16522	0	0	0	0	0	16533
7	0	0	16499	0	0	0	0	0	0	0	0	0	4	0	1	1	0	0	28	0	0	16533
8	0	14	11	16496	0	3	0	0	0	8	0	0	0	0	0	0	0	0	0	1	0	16533
9	0	0	5	0	0	0	7	0	0	0	0	0	16	0	18	16487	0	0	0	0	0	16533
10	0	0	9	4	0	0	0	0	0	14	0	1	0	0	0	1	3	25	3	16465	8	16533
11	0	0	1	0	0	2	0	0	0	0	0	1	0	1	19	16505	0	0	0	0	4	16533
12	0	0	0	3	0	2	0	0	0	0	0	1	0	0	0	8	0	2	0	1	16516	16533
13	0	18	11	16489	2	1	0	0	0	11	0	0	0	0	0	0	0	0	0	1	0	16533
14	0	3	0	2	0	0	0	0	1	0	0	0	0	9	1	0	6	16497	0	4	10	16533
15	0	7	7	0	2	0	0	0	1	0	0	0	3	16481	28	1	0	3	0	0	0	16533
16	0	0	16445	8	0	0	0	0	0	3	0	1	0	42	15	7	0	0	0	12	0	16533
17	0	0	0	4	0	0	11	0	0	0	0	8	0	0	0	16491	2	0	3	0	14	16533
18	3	0	16474	6	0	3	0	2	0	35	0	0	0	0	0	0	9	0	1	0	0	16533
19	0	8	0	1	0	0	0	11	16479	17	7	5	0	1	0	0	0	3	0	0	0	16532
20	0	0	0	6	0	5	0	0	0	0	0	4	0	0	0	16470	5	1	1	0	40	16532
21	0	0	3	0	0	5	0	0	0	0	0	1	0	2	17	16495	0	0	0	0	9	16532
22	0	0	0	2	0	0	1	0	0	0	0	5	0	0	0	16511	3	0	1	0	8	16531
23	0	7	2	3	4	16490	6	0	0	0	0	12	0	0	0	5	0	0	0	0	2	16531
24	0	0	0	0	0	11	0	7	0	5	3	16486	0	0	0	19	0	0	0	0	0	16531
25	6	0	1	2	16514	0	5	0	0	0	2	0	0	0	1	0	0	0	0	0	0	16531
26	37	0	16454	12	0	0	10	1	0	15	0	0	0	0	0	0	0	0	2	0	0	16531
27	0	0	0	0	0	0	0	0	0	0	0	0	0	0	0	0	0	0	0	0	0	0
28	0	0	0	0	0	0	0	0	0	0	0	0	0	0	0	0	0	0	0	0	0	0
