	K	N	R	S	T	I	M	E	D	G	A	V	Q	H	P	L	*	Y	W	C	F	SUM
0	0	0	1	166	40	0	0	145	0	16	268159	59	0	0	8	0	0	0	0	0	0	268594
1	0	0	3	0	0	61	0	0	1	0	0	13	3	34	40	268400	0	0	0	0	39	268594
2	1	21	0	4	25	268480	12	0	0	0	0	23	0	0	0	21	0	0	0	0	7	268594
3	0	0	84	9	0	0	0	0	0	13	0	0	0	0	0	374	209	0	267541	347	17	268594
4	0	110	0	8	1	0	0	102	268092	101	23	15	0	4	0	0	0	137	0	0	0	268593
5	0	203	0	4	0	0	0	38	268208	33	38	20	2	8	0	0	0	39	0	0	0	268593
6	1	0	20	0	0	0	52	2	0	1	0	5	61	0	174	268276	0	0	1	0	0	268593
7	2	0	266882	0	0	0	0	0	0	13	0	0	708	0	6	106	2	0	874	0	0	268593
8	0	244	148	268039	10	35	0	0	0	94	0	1	0	0	0	2	0	1	1	18	0	268593
9	1	0	126	0	0	0	164	0	0	0	0	21	179	0	344	267756	0	0	2	0	0	268593
10	0	2	188	76	0	0	0	0	0	222	0	8	0	1	0	2	50	407	53	267473	111	268593
11	1	0	46	1	0	278	0	1	0	0	0	12	0	44	237	267918	0	0	0	0	55	268593
12	1	1	2	54	1	41	0	0	0	1	0	18	0	0	2	211	0	38	1	26	268196	268593
13	2	176	171	267297	22	86	125	0	3	629	2	5	0	0	0	6	0	0	9	57	3	268593
14	1	13	0	85	1	0	0	1	25	0	0	1	0	234	1	7	74	267937	0	52	161	268593
15	4	299	61	0	9	2	0	1	7	0	0	0	123	267548	438	25	0	73	0	0	3	268593
16	0	1	267301	60	3	1	0	0	0	28	1	0	0	688	220	116	0	2	2	166	4	268593
17	0	0	2	119	2	3	47	0	0	1	2	126	1	0	1	268007	19	0	66	3	189	268588
18	84	1	267598	90	8	150	4	11	2	560	0	5	0	1	0	3	66	0	1	0	0	268584
19	0	118	1	5	6	1	0	88	267911	258	62	54	0	23	3	3	2	47	0	0	2	268584
20	2981	6456	6697	14338	4367	14545	490	6230	6756	21316	20219	32842	6088	10172	2168	53571	339	16131	1588	21592	19697	268583
21	0	1	98	7	2	134	2	1	0	2	2	51	0	41	287	267788	0	3	0	2	159	268580
22	0	0	5	163	0	3	22	0	0	0	0	90	0	0	0	268070	18	0	41	0	166	268578
23	0	119	3	63	50	267971	63	0	5	1	0	175	0	1	1	27	0	1	0	1	94	268575
24	0	0	2	1	2	171	0	151	0	163	118	267616	0	0	1	342	4	0	0	0	4	268575
25	171	3	43	31	267988	0	238	0	0	0	46	0	2	0	50	0	0	0	0	0	0	268572
26	463	2	267613	114	6	1	144	10	0	193	0	0	0	1	0	1	0	0	18	1	0	268567
27	0	0	0	0	0	0	0	0	0	0	0	0	0	0	0	0	0	0	0	0	0	0
28	0	0	0	0	0	0	0	0	0	0	0	0	0	0	0	0	0	0	0	0	0	0
