	K	N	R	S	T	I	M	E	D	G	A	V	Q	H	P	L	*	Y	W	C	F	SUM
0	0	0	0	5	0	0	0	9	0	1	14136	4	0	0	0	0	0	0	0	0	0	14155
1	0	0	0	0	0	3	0	0	0	0	0	1	0	2	1	14145	0	0	0	0	3	14155
2	0	1	1	0	2	14146	1	0	0	0	0	1	0	0	0	2	0	0	0	0	1	14155
3	0	0	6	0	0	0	0	0	0	1	0	0	0	0	0	15	9	0	14119	4	1	14155
4	0	3	0	0	0	0	0	3	14132	9	2	1	0	0	0	0	0	5	0	0	0	14155
5	0	8	0	1	0	0	0	2	14138	0	4	1	0	0	0	0	0	1	0	0	0	14155
6	0	0	1	0	0	0	2	0	0	0	0	0	1	0	25	14125	0	0	0	0	1	14155
7	0	0	13981	0	0	0	0	0	0	2	0	0	4	0	3	137	0	0	28	0	0	14155
8	0	2	8	14140	0	1	0	0	0	2	0	0	0	0	0	0	0	0	0	2	0	14155
9	0	0	8	0	0	1	8	0	0	0	0	0	18	0	22	14098	0	0	0	0	0	14155
10	0	0	6	0	0	0	0	0	0	12	0	1	0	0	0	0	4	26	5	14091	10	14155
11	0	0	1	0	0	11	0	0	0	0	0	0	0	3	16	14120	0	0	0	0	4	14155
12	0	0	0	2	0	1	0	0	0	0	0	0	0	0	0	16	0	4	0	2	14130	14155
13	0	3	5	14129	1	8	0	0	0	7	0	0	0	0	0	0	0	0	0	2	0	14155
14	0	0	0	7	0	0	0	0	1	0	0	0	0	15	0	1	5	14119	0	4	3	14155
15	0	8	6	0	0	0	0	0	0	0	0	0	3	14106	24	4	0	3	0	0	1	14155
16	0	0	14094	4	0	0	0	0	0	0	1	0	0	23	13	5	0	1	0	13	1	14155
17	0	0	0	16	0	0	2	0	0	0	0	4	0	0	0	14113	4	0	2	0	14	14155
18	2	0	14106	6	0	1	0	2	0	33	0	0	0	0	0	0	4	0	0	1	0	14155
19	23	57	70	503	497	108	54	3659	7611	533	186	148	314	59	28	132	7	83	11	27	45	14155
20	0	0	0	2	0	3	0	0	0	1	0	6	0	0	0	14093	5	1	0	0	44	14155
21	0	0	2	2	0	3	0	0	0	0	0	0	0	1	11	14126	0	0	0	0	10	14155
22	0	0	0	2	0	0	0	0	0	0	0	1	0	0	0	14133	3	0	4	0	12	14155
23	0	6	0	4	2	14125	1	0	0	0	0	7	0	0	0	2	0	0	0	0	8	14155
24	0	0	0	0	0	34	0	10	0	10	5	14075	0	0	0	19	2	0	0	0	0	14155
25	3	0	2	0	14142	0	4	0	0	0	3	0	0	0	1	0	0	0	0	0	0	14155
26	23	0	14106	3	1	0	7	0	0	15	0	0	0	0	0	0	0	0	0	0	0	14155
27	0	0	0	0	0	0	0	0	0	0	0	0	0	0	0	0	0	0	0	0	0	0
28	0	0	0	0	0	0	0	0	0	0	0	0	0	0	0	0	0	0	0	0	0	0
