	K	N	R	S	T	I	M	E	D	G	A	V	Q	H	P	L	*	Y	W	C	F	SUM
0	0	0	0	2	1	0	0	5	0	1	7274	3	0	0	0	0	0	0	0	0	0	7286
1	0	0	0	0	0	2	0	0	0	0	0	0	0	1	3	7279	0	0	0	0	1	7286
2	0	0	0	0	1	7282	1	0	0	0	0	0	0	0	0	2	0	0	0	0	0	7286
3	0	0	0	0	0	0	0	0	0	0	0	0	0	0	0	7	3	0	7260	15	1	7286
4	0	1	0	1	0	0	0	2	7276	1	0	2	0	0	0	0	0	3	0	0	0	7286
5	0	1	0	0	0	0	0	1	7278	2	0	0	0	0	0	0	0	4	0	0	0	7286
6	0	0	2	0	0	0	2	0	0	0	0	0	1	0	2	7279	0	0	0	0	0	7286
7	0	0	7266	0	0	0	0	0	0	0	0	0	0	0	0	0	0	0	20	0	0	7286
8	0	9	36	7236	0	2	0	0	0	1	0	0	0	0	0	0	0	0	0	2	0	7286
9	0	0	4	0	0	0	18	0	0	0	0	1	3	0	13	7247	0	0	0	0	0	7286
10	0	0	5	5	0	0	0	0	0	4	0	0	0	0	0	0	1	4	1	7264	2	7286
11	0	0	1	0	0	1	0	0	0	0	0	0	0	3	4	7276	0	0	0	0	1	7286
12	0	0	0	2	0	1	0	0	0	0	0	0	0	0	0	5	0	0	0	0	7278	7286
13	0	3	3	7275	0	0	0	0	0	3	0	1	0	0	0	1	0	0	0	0	0	7286
14	0	0	0	1	0	0	0	0	1	0	0	0	0	6	0	0	2	7262	0	1	13	7286
15	0	2	1	0	0	0	0	0	1	0	0	0	2	7265	12	2	0	1	0	0	0	7286
16	0	0	7206	3	0	0	0	0	0	1	0	0	0	62	5	4	0	0	0	5	0	7286
17	0	0	0	0	0	0	2	0	0	0	0	0	0	0	0	7276	0	0	2	0	6	7286
18	49	219	820	728	519	154	97	139	123	1064	588	242	433	588	26	492	2	378	102	382	141	7286
19	0	3	0	0	0	0	0	2	7263	13	0	2	0	1	0	0	0	1	0	1	0	7286
20	0	0	0	1	0	1	0	0	0	0	0	0	0	0	0	7253	4	0	1	0	26	7286
21	0	0	3	0	0	0	0	0	0	0	0	1	0	0	8	7265	0	0	0	0	9	7286
22	0	0	0	2	0	0	0	0	0	0	0	1	0	0	0	7278	0	0	3	0	2	7286
23	0	4	0	2	2	7266	2	0	0	0	0	5	0	0	0	0	0	0	0	0	5	7286
24	0	0	0	0	0	1	0	3	0	7	3	7260	0	0	0	12	0	0	0	0	0	7286
25	2	0	0	0	7281	0	2	0	0	0	0	0	0	0	1	0	0	0	0	0	0	7286
26	15	0	7094	2	1	5	160	0	0	7	0	0	0	0	0	0	0	0	2	0	0	7286
27	0	0	0	0	0	0	0	0	0	0	0	0	0	0	0	0	0	0	0	0	0	0
28	0	0	0	0	0	0	0	0	0	0	0	0	0	0	0	0	0	0	0	0	0	0
