	K	N	R	S	T	I	M	E	D	G	A	V	Q	H	P	L	*	Y	W	C	F	SUM
0	0	0	0	14	2	0	0	9	0	0	12121	3	0	0	1	0	0	0	0	0	0	12150
1	0	0	0	0	0	3	0	0	0	0	0	0	0	1	3	12143	0	0	0	0	0	12150
2	0	1	0	0	2	12146	0	0	0	0	0	0	0	0	0	1	0	0	0	0	0	12150
3	0	0	0	1	0	0	0	0	0	1	0	0	0	0	0	31	2	0	12047	67	1	12150
4	0	3	0	0	0	0	0	7	12108	4	3	2	0	2	0	0	0	21	0	0	0	12150
5	0	4	0	0	0	0	0	8	12133	0	1	2	0	0	0	0	0	2	0	0	0	12150
6	0	0	1	0	0	0	14	0	0	0	0	0	3	0	16	12116	0	0	0	0	0	12150
7	0	0	12121	1	0	0	0	0	0	0	0	0	9	0	0	1	0	0	18	0	0	12150
8	0	4	10	12132	1	0	0	0	0	1	0	0	0	0	0	0	0	0	0	2	0	12150
9	0	0	4	0	0	0	6	0	0	0	0	0	8	0	11	12121	0	0	0	0	0	12150
10	0	0	9	6	0	0	0	0	0	9	0	0	0	0	0	0	3	22	4	12087	10	12150
11	0	0	3	0	0	4	0	0	0	0	0	0	0	2	4	12137	0	0	0	0	0	12150
12	0	0	0	5	0	0	0	0	0	0	0	1	0	0	0	9	0	3	0	0	12132	12150
13	0	19	7	12111	1	3	0	0	0	5	0	0	0	0	0	1	0	0	0	3	0	12150
14	53	114	292	279	47	1802	29	95	34	353	108	334	197	613	7	2474	18	1707	23	2714	857	12150
15	0	9	1	0	1	0	0	0	2	0	0	0	2	12098	31	2	0	4	0	0	0	12150
16	0	0	12094	7	0	0	0	0	0	3	0	0	0	19	5	2	0	0	0	20	0	12150
17	0	0	0	1	0	0	2	0	0	0	0	7	0	0	0	12126	1	0	4	1	8	12150
18	1	0	12097	4	1	5	0	0	0	38	0	0	0	0	0	0	4	0	0	0	0	12150
19	0	6	0	1	0	0	0	5	12116	10	4	5	0	1	0	0	0	2	0	0	0	12150
20	0	0	0	6	0	3	0	0	0	1	0	4	0	0	0	12104	8	0	0	0	24	12150
21	0	0	2	0	0	2	0	0	0	0	0	0	0	1	6	12131	0	0	0	0	8	12150
22	0	0	0	4	1	0	0	0	0	1	0	0	0	0	0	12134	0	0	1	0	9	12150
23	0	4	0	2	1	12128	3	0	0	0	0	6	0	0	0	1	0	0	0	0	5	12150
24	0	0	0	0	0	3	0	12	0	5	4	12110	0	0	0	16	0	0	0	0	0	12150
25	11	0	1	1	12118	0	15	0	0	0	2	0	0	0	2	0	0	0	0	0	0	12150
26	21	0	12093	5	1	0	12	2	0	14	0	0	0	0	0	0	0	0	2	0	0	12150
27	0	0	0	0	0	0	0	0	0	0	0	0	0	0	0	0	0	0	0	0	0	0
28	0	0	0	0	0	0	0	0	0	0	0	0	0	0	0	0	0	0	0	0	0	0
