	K	N	R	S	T	I	M	E	D	G	A	V	Q	H	P	L	*	Y	W	C	F	SUM
0	0	0	0	20	5	0	0	14	0	0	26152	7	0	0	0	0	0	0	0	0	0	26198
1	0	0	2	1	0	9	0	0	0	0	0	4	0	5	1	26172	0	0	0	0	4	26198
2	0	3	0	0	4	26185	2	0	0	0	0	4	0	0	0	0	0	0	0	0	0	26198
3	0	0	7	2	0	0	0	0	0	3	0	0	0	0	0	38	17	0	26072	59	0	26198
4	0	13	0	0	0	0	0	104	26038	9	4	1	0	1	0	0	0	28	0	0	0	26198
5	0	17	0	0	0	0	0	10	26143	5	5	1	0	1	0	0	0	16	0	0	0	26198
6	0	0	1	0	0	0	10	0	0	0	0	2	3	0	18	26164	0	0	0	0	0	26198
7	1	0	26123	0	0	0	0	0	0	1	0	0	16	0	1	6	0	0	50	0	0	26198
8	0	11	16	26151	1	3	1	0	0	10	0	0	0	0	0	2	0	0	0	3	0	26198
9	0	0	11	0	0	1	18	0	0	0	0	3	15	0	38	26110	0	0	0	1	1	26198
10	0	0	16	7	0	0	0	0	0	21	0	2	0	0	1	2	7	34	6	26090	12	26198
11	0	0	6	0	0	13	0	0	0	0	0	1	0	3	28	26136	0	0	0	0	11	26198
12	0	1	0	12	0	2	0	0	0	0	0	1	0	0	0	19	0	6	0	6	26151	26198
13	0	16	24	26115	5	8	0	1	0	14	1	0	0	0	1	2	0	2	0	7	1	26197
14	1	3	2	7	0	0	0	0	3	1	0	1	0	13	1	0	9	26125	0	7	24	26197
15	665	777	995	1647	1820	899	496	2392	1439	548	2907	3110	1600	1976	653	2462	62	885	68	330	466	26197
16	0	0	26022	14	0	0	0	0	0	17	0	2	0	63	26	28	0	0	0	25	0	26197
17	0	0	1	10	0	1	6	0	2	2	0	13	0	0	0	26115	2	0	18	0	27	26197
18	13	0	26078	9	1	7	0	0	3	75	0	2	0	0	0	3	6	0	0	0	0	26197
19	1	14	0	0	1	0	0	13	26107	29	8	9	0	2	1	2	0	7	0	0	3	26197
20	0	0	0	13	0	8	0	0	1	1	0	11	0	0	0	26082	12	0	0	0	69	26197
21	0	0	6	0	0	5	0	0	0	0	0	3	0	3	28	26133	0	0	0	1	17	26196
22	0	0	0	5	1	2	3	0	0	0	0	11	0	0	0	26147	2	0	3	0	22	26196
23	0	16	1	7	10	26114	6	0	0	0	0	22	0	0	0	3	0	0	0	1	16	26196
24	0	0	1	0	4	27	0	17	0	15	6	26051	0	0	0	70	1	0	0	0	3	26195
25	48	0	11	2	26123	0	5	0	0	0	0	0	0	0	4	0	0	0	0	0	0	26193
26	35	0	26051	23	1	0	46	2	0	28	0	0	0	0	0	0	0	0	2	0	0	26188
27	0	0	0	0	0	0	0	0	0	0	0	0	0	0	0	0	0	0	0	0	0	0
28	0	0	0	0	0	0	0	0	0	0	0	0	0	0	0	0	0	0	0	0	0	0
