	K	N	R	S	T	I	M	E	D	G	A	V	Q	H	P	L	*	Y	W	C	F	SUM
0	0	0	0	4	0	0	0	2	0	1	7107	0	0	0	1	0	0	0	0	0	0	7115
1	0	0	0	0	0	5	0	0	0	0	0	0	0	1	1	7107	0	0	0	0	1	7115
2	0	0	0	0	0	7114	1	0	0	0	0	0	0	0	0	0	0	0	0	0	0	7115
3	0	0	2	1	0	0	0	0	0	0	0	0	0	0	0	7	2	0	7099	4	0	7115
4	0	0	0	0	0	0	0	1	7108	2	2	1	0	0	0	0	0	1	0	0	0	7115
5	0	2	0	0	0	0	0	0	7109	0	0	0	0	0	0	0	0	4	0	0	0	7115
6	0	0	1	0	0	0	2	0	0	0	0	0	1	0	2	7109	0	0	0	0	0	7115
7	0	0	7083	0	0	0	0	0	0	0	0	0	6	0	0	14	0	0	12	0	0	7115
8	0	1	8	7103	0	2	0	0	0	1	0	0	0	0	0	0	0	0	0	0	0	7115
9	0	0	1	0	0	0	4	0	0	0	0	0	6	0	9	7095	0	0	0	0	0	7115
10	0	0	6	1	0	0	0	0	0	5	0	1	0	0	0	0	1	8	1	7088	4	7115
11	0	0	0	0	0	2	0	0	0	0	0	0	0	2	7	7104	0	0	0	0	0	7115
12	0	0	0	1	0	3	0	0	0	0	0	0	0	0	0	7	0	0	0	1	7103	7115
13	0	5	4	7085	1	4	0	0	0	7	2	0	0	0	0	3	0	0	1	3	0	7115
14	0	1	0	1	0	0	0	0	0	0	0	0	0	1	0	0	1	7103	0	2	6	7115
15	0	4	2	0	0	0	0	0	0	0	0	0	1	7095	13	0	0	0	0	0	0	7115
16	0	0	7063	1	1	0	0	0	0	2	0	0	1	24	11	4	0	0	2	6	0	7115
17	0	0	0	2	0	0	3	0	0	0	0	6	0	0	0	7094	0	0	3	0	7	7115
18	3	0	7088	5	0	2	0	0	0	16	0	0	0	0	0	0	1	0	0	0	0	7115
19	0	7	0	1	0	0	0	0	7088	14	2	3	0	0	0	0	0	0	0	0	0	7115
20	0	0	0	4	0	1	0	0	0	0	0	1	0	0	0	7089	3	0	0	0	17	7115
21	0	0	1	0	0	4	0	0	0	0	0	0	0	1	1	7105	0	0	0	0	3	7115
22	80	121	256	578	561	458	101	182	235	300	648	994	324	124	233	1207	12	124	156	175	246	7115
23	0	4	1	1	4	7087	6	0	0	0	0	7	0	0	0	1	0	0	0	0	4	7115
24	0	0	0	0	0	7	0	5	0	5	5	7091	0	0	0	2	0	0	0	0	0	7115
25	11	0	0	0	7095	0	5	0	0	0	4	0	0	0	0	0	0	0	0	0	0	7115
26	5	1	7093	1	0	0	6	0	0	9	0	0	0	0	0	0	0	0	0	0	0	7115
27	0	0	0	0	0	0	0	0	0	0	0	0	0	0	0	0	0	0	0	0	0	0
28	0	0	0	0	0	0	0	0	0	0	0	0	0	0	0	0	0	0	0	0	0	0
