	K	N	R	S	T	I	M	E	D	G	A	V	Q	H	P	L	*	Y	W	C	F	SUM
0	0	0	0	7	1	0	0	18	0	1	22529	2	0	0	0	0	0	0	0	0	0	22558
1	0	0	0	0	0	16	0	0	0	0	0	0	0	1	4	22533	0	0	0	0	4	22558
2	0	3	0	0	3	22547	1	0	0	0	0	1	0	0	0	0	0	0	0	0	3	22558
3	0	0	13	0	0	1	0	0	0	3	0	0	0	0	0	28	7	0	22483	23	0	22558
4	0	7	0	0	0	0	0	63	22470	3	3	2	0	2	0	0	0	8	0	0	0	22558
5	0	9	0	0	0	0	0	3	22532	5	7	1	0	0	0	0	0	1	0	0	0	22558
6	0	0	4	0	0	0	3	0	0	0	0	1	6	0	6	22538	0	0	0	0	0	22558
7	0	0	22511	0	0	0	0	0	0	1	0	0	8	0	3	3	0	0	32	0	0	22558
8	0	12	9	22521	0	6	0	0	0	9	0	0	0	0	0	0	0	0	0	1	0	22558
9	0	0	9	0	0	0	22	0	0	0	0	4	16	0	29	22478	0	0	0	0	0	22558
10	0	0	6	12	0	0	0	0	0	21	0	1	0	0	0	0	2	18	6	22479	13	22558
11	0	0	3	0	0	17	0	0	0	0	0	1	0	5	19	22504	0	0	0	0	9	22558
12	0	0	0	8	0	5	0	0	0	1	0	6	0	0	0	16	0	2	0	5	22515	22558
13	176	251	289	2767	1900	1131	503	184	38	2632	2300	3391	580	566	518	2551	10	952	347	853	619	22558
14	0	7	0	10	0	0	0	0	21	0	0	0	0	11	2	0	12	22458	0	1	36	22558
15	0	61	8	0	0	0	0	1	2	0	0	0	7	22427	39	5	0	8	0	0	0	22558
16	0	0	22462	7	0	0	0	0	0	3	0	0	0	32	17	28	0	0	0	9	0	22558
17	0	0	0	6	0	0	4	0	0	0	0	9	0	0	0	22498	5	0	8	1	27	22558
18	4	1	22474	12	1	6	0	3	0	44	0	0	0	0	1	0	11	0	0	0	0	22557
19	0	9	0	1	0	0	0	9	22472	30	16	11	0	3	0	0	0	6	0	0	0	22557
20	0	1	0	9	1	9	0	0	0	1	0	8	0	0	0	22466	14	3	0	1	44	22557
21	0	0	5	1	0	12	0	0	0	0	0	2	1	9	17	22502	0	0	0	0	8	22557
22	0	0	0	6	0	0	3	0	0	0	0	6	0	0	0	22515	0	0	8	0	19	22557
23	0	9	1	10	5	22479	12	0	0	0	0	30	0	0	0	4	0	0	0	0	7	22557
24	0	0	0	0	0	7	0	15	0	14	5	22498	0	0	0	17	1	0	0	0	0	22557
25	8	0	2	6	22532	0	4	0	0	0	1	0	0	0	4	0	0	0	0	0	0	22557
26	34	0	22461	19	1	0	20	2	0	18	0	0	0	0	0	0	0	0	2	0	0	22557
27	0	0	0	0	0	0	0	0	0	0	0	0	0	0	0	0	0	0	0	0	0	0
28	0	0	0	0	0	0	0	0	0	0	0	0	0	0	0	0	0	0	0	0	0	0
