	K	N	R	S	T	I	M	E	D	G	A	V	Q	H	P	L	*	Y	W	C	F	SUM
0	0	0	0	6	1	0	0	5	0	0	11453	0	0	0	0	0	0	0	0	0	0	11465
1	0	0	0	0	0	2	0	0	0	0	0	1	0	1	1	11458	0	0	0	0	2	11465
2	0	0	0	0	2	11462	0	0	0	0	0	0	0	0	0	0	0	0	0	0	1	11465
3	0	0	4	0	0	0	0	0	0	2	0	0	0	0	0	15	4	0	11434	4	2	11465
4	0	4	0	2	0	0	0	3	11445	3	3	0	0	0	0	0	0	5	0	0	0	11465
5	0	7	0	0	0	0	0	4	11449	3	1	0	0	0	0	0	0	1	0	0	0	11465
6	0	0	0	0	0	0	5	0	0	0	0	0	2	0	7	11451	0	0	0	0	0	11465
7	0	0	11432	0	0	0	0	0	0	1	0	0	8	0	1	1	0	0	22	0	0	11465
8	0	4	11	11447	0	0	0	0	0	2	0	0	0	0	0	0	0	0	0	1	0	11465
9	0	0	5	0	0	0	8	0	0	0	0	0	9	0	14	11429	0	0	0	0	0	11465
10	0	0	9	2	0	0	0	0	0	13	0	0	0	0	0	0	0	21	0	11418	2	11465
11	0	0	6	0	0	2	0	0	0	0	0	3	0	2	7	11441	0	0	0	0	4	11465
12	0	0	0	2	0	0	0	0	0	0	0	2	0	0	0	5	0	1	0	1	11454	11465
13	0	6	8	11434	0	4	0	0	0	7	0	0	0	0	0	1	0	0	0	5	0	11465
14	0	1	0	5	0	0	0	0	0	0	0	0	0	6	0	0	5	11438	0	2	8	11465
15	0	5	1	0	0	0	0	0	0	0	0	0	3	11445	7	0	0	3	0	0	1	11465
16	0	0	11410	2	0	0	0	0	0	2	1	0	0	25	12	5	0	0	0	8	0	11465
17	0	0	0	7	0	0	3	0	0	0	0	3	0	0	0	11434	2	0	4	0	12	11465
18	0	1	11431	5	2	1	0	0	0	22	1	0	0	0	0	0	2	0	0	0	0	11465
19	0	5	0	0	0	0	0	7	11424	17	3	5	0	0	0	0	1	3	0	0	0	11465
20	0	0	0	5	0	5	0	0	0	1	0	9	0	0	0	11424	4	0	0	0	17	11465
21	0	0	5	0	0	2	0	0	0	0	0	1	0	2	11	11440	0	0	0	0	4	11465
22	0	0	1	6	0	0	2	0	0	0	0	2	0	0	0	11445	0	0	3	0	6	11465
23	0	6	0	4	1	11446	1	0	0	0	0	7	0	0	0	0	0	0	0	0	0	11465
24	0	0	0	0	0	6	0	12	0	12	3	11419	0	0	0	13	0	0	0	0	0	11465
25	5	1	1	2	11446	0	7	0	0	0	2	0	0	0	1	0	0	0	0	0	0	11465
26	20	0	11426	4	0	0	2	0	0	12	0	0	0	0	0	1	0	0	0	0	0	11465
27	0	0	0	0	0	0	0	0	0	0	0	0	0	0	0	0	0	0	0	0	0	0
28	0	0	0	0	0	0	0	0	0	0	0	0	0	0	0	0	0	0	0	0	0	0
