	K	N	R	S	T	I	M	E	D	G	A	V	Q	H	P	L	*	Y	W	C	F	SUM
0	0	0	0	11	7	0	0	4	0	2	22582	4	0	0	0	0	0	0	0	0	0	22610
1	0	0	0	0	0	10	0	0	0	0	0	2	0	6	4	22582	0	0	0	0	6	22610
2	0	2	0	1	1	22603	0	0	0	0	0	2	0	0	0	1	0	0	0	0	0	22610
3	0	0	4	1	0	0	0	0	0	0	0	1	0	0	0	21	12	0	22557	13	1	22610
4	0	8	0	0	0	0	0	7	22572	10	0	0	0	0	0	0	0	13	0	0	0	22610
5	0	7	0	0	0	0	0	2	22588	4	8	0	0	0	0	0	0	1	0	0	0	22610
6	0	0	0	0	0	0	10	0	0	0	0	1	7	0	11	22581	0	0	0	0	0	22610
7	0	0	22505	0	0	0	0	0	0	1	0	0	8	0	6	9	0	0	81	0	0	22610
8	0	40	15	22540	1	2	0	0	0	10	0	0	0	0	0	0	0	0	0	2	0	22610
9	0	0	13	0	0	0	10	0	0	0	0	3	20	0	38	22526	0	0	0	0	0	22610
10	0	0	11	10	0	0	0	0	0	15	0	0	0	0	0	1	3	31	2	22523	14	22610
11	0	0	7	0	0	87	0	0	0	0	0	0	0	3	11	22500	1	0	0	0	1	22610
12	0	0	0	6	0	0	1	0	1	0	0	2	0	0	0	19	0	3	0	7	22571	22610
13	0	15	15	22294	207	4	9	0	0	12	0	0	0	0	0	39	0	0	3	9	1	22608
14	0	2	0	8	0	1	0	0	4	0	0	0	0	11	0	0	6	22552	0	4	20	22608
15	0	8	7	0	1	0	0	0	3	0	0	0	8	22541	36	1	0	3	0	0	0	22608
16	0	0	22486	7	0	1	0	0	0	2	0	1	0	47	24	24	0	0	0	16	0	22608
17	0	0	0	9	0	0	3	0	0	0	0	11	0	0	0	22543	1	0	10	0	31	22608
18	7	0	22516	14	2	7	0	1	0	53	0	1	0	0	0	0	6	0	1	0	0	22608
19	0	16	1	1	0	0	0	24	22518	27	12	5	0	0	0	1	0	3	0	0	0	22608
20	1	0	2	8	0	13	0	0	0	0	0	15	0	0	0	22519	13	0	0	0	36	22607
21	74	380	661	2012	1972	1093	1324	133	37	1029	1283	797	822	717	77	5669	14	1122	479	1104	1807	22606
22	0	0	0	5	1	0	7	0	0	1	0	21	0	0	0	22535	5	0	14	0	17	22606
23	0	18	2	11	5	22528	14	0	1	1	0	16	0	0	0	5	0	0	0	1	4	22606
24	1	0	0	0	0	6	0	18	1	14	13	22530	0	0	1	21	0	0	0	0	0	22605
25	10	1	2	2	22570	0	8	0	0	0	8	0	0	0	4	0	0	0	0	0	0	22605
26	41	0	22497	11	1	2	22	1	0	27	0	0	0	0	0	0	0	0	2	0	0	22604
27	0	0	0	0	0	0	0	0	0	0	0	0	0	0	0	0	0	0	0	0	0	0
28	0	0	0	0	0	0	0	0	0	0	0	0	0	0	0	0	0	0	0	0	0	0
