	K	N	R	S	T	I	M	E	D	G	A	V	Q	H	P	L	*	Y	W	C	F	SUM
0	0	0	0	0	0	0	0	0	0	0	31	0	0	0	0	0	0	0	0	0	0	31
1	0	0	0	0	0	0	0	0	0	0	0	0	0	0	0	31	0	0	0	0	0	31
2	0	0	0	0	0	31	0	0	0	0	0	0	0	0	0	0	0	0	0	0	0	31
3	0	0	0	0	0	0	0	0	0	0	0	0	0	0	0	0	0	0	31	0	0	31
4	0	0	0	0	0	0	0	0	31	0	0	0	0	0	0	0	0	0	0	0	0	31
5	0	0	0	0	0	0	0	0	31	0	0	0	0	0	0	0	0	0	0	0	0	31
6	0	0	0	0	0	0	0	0	0	0	0	0	0	0	0	31	0	0	0	0	0	31
7	0	0	31	0	0	0	0	0	0	0	0	0	0	0	0	0	0	0	0	0	0	31
8	0	0	0	31	0	0	0	0	0	0	0	0	0	0	0	0	0	0	0	0	0	31
9	0	0	0	0	0	0	0	0	0	0	0	0	0	0	0	31	0	0	0	0	0	31
10	0	0	0	0	0	0	0	0	0	0	0	0	0	0	0	0	0	0	0	31	0	31
11	0	0	0	0	0	0	0	0	0	0	0	0	0	0	0	31	0	0	0	0	0	31
12	0	0	0	0	0	0	0	0	0	0	0	0	0	0	0	0	0	0	0	0	31	31
13	0	0	0	31	0	0	0	0	0	0	0	0	0	0	0	0	0	0	0	0	0	31
14	0	0	0	0	0	0	0	0	0	0	0	0	0	0	0	0	0	31	0	0	0	31
15	0	0	0	0	0	0	0	0	0	0	0	0	0	31	0	0	0	0	0	0	0	31
16	0	0	31	0	0	0	0	0	0	0	0	0	0	0	0	0	0	0	0	0	0	31
17	0	0	0	0	0	0	0	0	0	0	0	0	0	0	0	31	0	0	0	0	0	31
18	0	0	31	0	0	0	0	0	0	0	0	0	0	0	0	0	0	0	0	0	0	31
19	0	0	0	0	0	0	0	0	31	0	0	0	0	0	0	0	0	0	0	0	0	31
20	0	0	0	0	0	0	0	0	0	0	0	0	0	0	0	31	0	0	0	0	0	31
21	0	0	0	0	0	0	0	0	0	0	0	0	0	0	0	31	0	0	0	0	0	31
22	0	0	0	0	0	0	0	0	0	0	0	0	0	0	0	31	0	0	0	0	0	31
23	0	0	0	0	0	31	0	0	0	0	0	0	0	0	0	0	0	0	0	0	0	31
24	0	0	0	0	0	0	0	0	0	0	0	31	0	0	0	0	0	0	0	0	0	31
25	0	0	0	0	31	0	0	0	0	0	0	0	0	0	0	0	0	0	0	0	0	31
26	0	0	31	0	0	0	0	0	0	0	0	0	0	0	0	0	0	0	0	0	0	31
27	0	0	0	0	0	0	0	0	0	0	0	0	0	0	0	0	0	0	0	0	0	0
28	0	0	0	0	0	0	0	0	0	0	0	0	0	0	0	0	0	0	0	0	0	0
