	K	N	R	S	T	I	M	E	D	G	A	V	Q	H	P	L	*	Y	W	C	F	SUM
0	1	0	0	144	46	0	0	111	1	7	246397	59	0	0	12	0	0	0	0	0	0	246778
1	0	0	13	0	0	78	0	0	0	0	0	7	1	28	26	246571	0	0	0	0	54	246778
2	1	14	1	6	33	246651	12	0	0	0	0	27	0	0	0	21	0	0	0	0	12	246778
3	0	0	60	3	0	0	0	1	0	28	0	0	0	0	0	325	180	0	245652	519	10	246778
4	1	104	0	3	0	0	0	98	246346	99	25	9	0	3	0	0	0	90	0	0	0	246778
5	0	163	0	2	1	0	0	50	246423	43	33	25	1	2	0	0	0	34	0	1	0	246778
6	2	0	11	0	0	0	46	0	0	0	0	0	45	0	173	246501	0	0	0	0	0	246778
7	0	0	246204	1	0	0	0	0	0	9	0	0	134	0	8	21	0	0	401	0	0	246778
8	0	156	191	246314	6	22	2	0	2	70	0	0	0	1	1	1	0	0	0	12	0	246778
9	0	0	106	0	0	1	159	0	0	0	0	18	175	1	288	246026	0	0	1	1	2	246778
10	0	0	131	64	0	0	0	0	1	210	0	18	0	0	1	2	52	351	40	245784	124	246778
11	0	0	42	1	0	41	0	0	0	0	0	4	0	31	212	246384	0	1	0	2	60	246778
12	0	1	0	125	0	736	0	0	0	3	0	17	0	0	0	183	0	149	1	29	245534	246778
13	3	214	180	246061	23	82	1	0	2	152	1	0	1	1	1	4	2	3	0	46	1	246778
14	1	14	26	86	1	0	0	1	29	1	0	2	1	147	2	9	74	246148	0	55	181	246778
15	2	127	106	0	10	2	1	1	14	4	1	2	145	245741	524	30	0	65	0	0	2	246777
16	6365	4159	58411	14786	13789	2817	7973	7529	1896	14936	23373	16247	8123	8801	1962	19567	229	16026	9037	6584	4167	246777
17	1	1	5	96	2	2	71	5	2	3	1	225	0	0	0	246015	19	0	90	2	236	246776
18	159	1	245809	107	13	47	0	9	5	531	0	3	0	0	0	10	77	0	2	2	1	246776
19	3	132	1	11	6	2	0	86	245952	324	100	74	0	13	1	8	1	52	0	4	3	246773
20	2	2	1	115	4	70	1	1	1	0	0	72	1	0	1	245883	73	6	0	1	538	246772
21	0	1	71	4	5	83	2	0	0	0	1	15	0	40	253	246172	0	0	0	2	121	246770
22	0	0	3	61	2	7	18	2	0	0	0	45	0	0	0	246298	16	0	45	2	269	246768
23	1	131	4	48	61	246210	67	0	1	1	0	141	0	1	1	27	0	1	1	1	68	246765
24	0	0	3	2	15	167	0	175	3	129	110	244588	0	0	0	1550	17	0	0	0	1	246760
25	89	1	41	23	246459	0	67	0	0	0	38	0	1	0	38	0	0	0	0	0	0	246757
26	400	2	245875	89	25	0	121	6	0	208	0	1	1	0	0	1	0	0	17	0	0	246746
27	0	0	0	0	0	0	0	0	0	0	0	0	0	0	0	0	0	0	0	0	0	0
28	0	0	0	0	0	0	0	0	0	0	0	0	0	0	0	0	0	0	0	0	0	0
