	K	N	R	S	T	I	M	E	D	G	A	V	Q	H	P	L	*	Y	W	C	F	SUM
0	0	0	0	80	30	0	0	70	0	6	125525	26	0	0	2	0	0	0	0	0	0	125739
1	0	0	7	0	0	54	0	0	0	0	0	9	1	13	18	125617	0	0	0	0	20	125739
2	0	15	1	5	23	125669	3	0	0	0	0	9	0	0	0	8	0	0	0	0	6	125739
3	1	0	46	3	0	0	0	0	0	16	0	0	0	0	0	150	83	0	125190	241	9	125739
4	0	51	0	4	0	0	0	48	125495	63	11	4	0	2	0	0	0	59	0	0	0	125737
5	0	87	0	0	0	0	0	14	125574	12	19	9	0	0	0	0	0	22	0	0	0	125737
6	1	0	13	0	0	0	23	0	0	0	0	2	12	0	86	125600	0	0	0	0	0	125737
7	0	0	125439	1	0	0	0	0	0	5	0	0	70	0	8	14	0	0	199	0	0	125736
8	0	78	68	125532	3	12	0	0	0	31	0	0	0	0	0	4	0	0	0	8	0	125736
9	0	0	65	0	0	0	84	0	0	0	0	11	90	0	182	125303	0	0	0	1	0	125736
10	0	0	65	42	0	0	0	0	0	89	1	4	0	0	0	1	28	177	10	125246	73	125736
11	0	0	17	1	0	27	0	0	0	0	0	4	0	15	111	125541	0	0	0	0	20	125736
12	0	0	0	50	2	411	0	0	0	0	0	15	0	0	0	113	1	71	0	13	125060	125736
13	1	131	87	125346	13	44	1	0	0	78	0	2	0	0	1	1	0	1	0	27	3	125736
14	0	11	18	44	0	1	0	0	18	0	0	1	0	72	2	3	42	125393	0	31	100	125736
15	3	73	58	0	7	1	0	5	11	3	2	1	79	125193	248	21	0	30	0	1	0	125736
16	3217	2222	29490	7563	7052	1478	4163	3727	973	7629	12011	8334	4047	4458	1030	9937	109	8201	4631	3315	2149	125736
17	0	0	3	47	0	0	36	4	1	0	1	140	1	0	0	125326	14	0	50	5	108	125736
18	76	0	125265	47	1	31	0	3	2	259	0	3	1	0	0	1	45	0	0	1	0	125735
19	0	71	0	7	2	0	0	42	125308	174	41	46	0	4	1	4	0	32	0	3	0	125735
20	0	0	1	56	1	41	2	1	0	1	0	46	0	1	1	125242	48	6	0	3	285	125735
21	0	0	21	3	3	38	1	0	0	1	0	4	1	22	105	125472	0	0	1	0	63	125735
22	0	0	0	24	0	3	17	0	0	1	0	25	0	0	0	125505	14	1	18	2	125	125735
23	0	73	2	33	37	125402	41	0	3	1	0	69	0	0	0	14	0	1	0	2	57	125735
24	3	0	1	0	8	72	0	95	1	62	63	124605	0	0	0	815	5	0	0	0	5	125735
25	45	0	14	14	125588	0	24	2	0	0	23	0	1	0	19	0	1	0	0	0	0	125731
26	193	0	125275	42	11	3	88	6	0	97	0	1	0	0	0	0	1	0	11	0	0	125728
27	0	0	0	0	0	0	0	0	0	0	0	0	0	0	0	0	0	0	0	0	0	0
28	0	0	0	0	0	0	0	0	0	0	0	0	0	0	0	0	0	0	0	0	0	0
