	K	N	R	S	T	I	M	E	D	G	A	V	Q	H	P	L	*	Y	W	C	F	SUM
0	0	0	0	3	1	0	0	2	0	0	5746	1	0	0	0	0	0	0	0	0	0	5753
1	0	0	0	0	0	0	0	0	0	0	0	0	0	0	0	5750	0	0	0	0	3	5753
2	0	0	0	0	1	5750	0	0	0	0	0	1	0	0	0	0	0	0	0	0	1	5753
3	0	0	2	0	0	0	0	0	0	0	0	0	0	0	0	6	3	0	5726	14	2	5753
4	0	1	0	1	0	0	0	1	5740	3	1	0	0	0	0	0	0	6	0	0	0	5753
5	0	8	0	1	0	0	0	0	5739	1	4	0	0	0	0	0	0	0	0	0	0	5753
6	0	0	0	0	0	0	0	0	0	0	0	0	2	0	8	5743	0	0	0	0	0	5753
7	0	0	5736	0	0	0	0	0	0	0	0	0	1	0	0	3	0	0	13	0	0	5753
8	0	0	9	5741	0	2	0	0	0	1	0	0	0	0	0	0	0	0	0	0	0	5753
9	0	0	6	0	0	0	6	0	0	0	0	1	5	0	11	5724	0	0	0	0	0	5753
10	0	0	4	0	0	0	0	0	0	2	0	0	0	0	0	0	0	9	1	5734	3	5753
11	0	0	1	0	0	0	0	0	0	0	0	0	0	1	6	5745	0	0	0	0	0	5753
12	0	0	0	3	0	1	0	0	0	0	0	1	0	0	0	3	0	3	0	1	5741	5753
13	0	1	4	5740	0	3	0	0	0	4	0	0	0	0	0	1	0	0	0	0	0	5753
14	0	0	0	0	0	0	0	0	3	0	0	0	0	2	0	0	0	5742	0	2	4	5753
15	0	3	1	0	0	0	0	0	0	0	0	0	2	5739	6	1	0	1	0	0	0	5753
16	0	0	5703	1	0	0	0	0	0	0	0	0	1	32	8	3	0	0	0	5	0	5753
17	0	0	0	0	0	0	1	0	0	0	0	6	0	0	0	5736	0	0	4	0	6	5753
18	1	0	5737	1	1	2	0	0	1	9	0	0	0	0	0	0	1	0	0	0	0	5753
19	7	68	50	168	104	20	4	1482	2894	197	61	47	445	37	14	65	4	40	2	20	24	5753
20	0	0	0	2	0	2	0	0	0	0	0	5	0	0	0	5720	2	0	0	0	22	5753
21	0	0	2	0	0	1	0	0	0	0	0	0	0	0	6	5736	0	0	0	0	8	5753
22	0	0	0	0	0	1	0	0	0	0	0	4	0	0	0	5745	1	0	0	0	2	5753
23	0	5	0	0	2	5741	1	0	0	0	0	1	0	0	0	2	0	0	0	0	1	5753
24	0	0	0	0	1	0	0	2	0	4	3	5738	0	0	0	5	0	0	0	0	0	5753
25	2	0	1	0	5743	0	4	0	0	1	1	0	0	0	1	0	0	0	0	0	0	5753
26	6	0	5733	1	0	0	4	0	0	8	0	0	0	0	0	0	0	0	0	0	0	5752
27	0	0	0	0	0	0	0	0	0	0	0	0	0	0	0	0	0	0	0	0	0	0
28	0	0	0	0	0	0	0	0	0	0	0	0	0	0	0	0	0	0	0	0	0	0
