	K	N	R	S	T	I	M	E	D	G	A	V	Q	H	P	L	*	Y	W	C	F	SUM
0	0	0	0	11	1	0	0	5	0	0	14950	3	0	0	3	0	0	0	0	0	0	14973
1	0	0	2	0	0	2	0	0	0	0	0	0	0	4	1	14963	0	0	0	0	1	14973
2	0	1	0	0	0	14970	0	0	0	0	0	2	0	0	0	0	0	0	0	0	0	14973
3	0	0	6	0	0	0	0	0	0	1	0	0	0	0	0	11	7	0	14939	9	0	14973
4	0	10	0	0	0	0	0	6	14945	3	0	0	0	0	0	0	0	9	0	0	0	14973
5	0	7	0	0	0	0	0	0	14958	1	2	3	0	0	0	0	0	2	0	0	0	14973
6	0	0	1	0	0	0	9	0	0	0	0	0	2	0	10	14951	0	0	0	0	0	14973
7	0	0	14908	0	0	0	0	0	0	2	0	0	5	0	0	7	0	0	51	0	0	14973
8	0	21	3	14938	3	0	0	0	0	5	0	1	0	0	0	1	0	0	0	1	0	14973
9	0	0	6	1	0	0	7	0	0	0	0	0	15	0	23	14921	0	0	0	0	0	14973
10	0	0	14	3	0	0	0	0	0	12	0	1	0	0	0	2	0	15	2	14916	8	14973
11	0	0	1	0	0	75	0	0	0	0	0	0	0	2	3	14889	0	0	0	0	3	14973
12	0	0	0	5	0	1	0	0	0	1	0	1	0	0	0	12	0	3	0	2	14948	14973
13	0	15	9	14768	120	10	4	0	0	11	0	0	0	1	1	24	0	0	3	7	0	14973
14	1	1	1	7	0	0	0	0	1	0	0	0	0	8	0	0	2	14938	0	4	10	14973
15	1	8	6	0	0	0	0	0	1	0	0	0	4	14924	22	2	0	5	0	0	0	14973
16	0	0	14921	3	0	0	0	0	0	1	0	0	0	28	9	4	0	0	1	5	1	14973
17	0	0	1	7	0	1	0	0	0	0	0	7	0	0	0	14930	2	0	5	1	19	14973
18	7	0	14918	3	0	5	0	1	0	30	1	0	0	0	0	1	7	0	0	0	0	14973
19	0	11	0	1	0	0	0	20	14912	17	2	4	0	1	0	1	0	2	0	0	1	14972
20	0	1	0	9	0	3	0	0	0	0	1	3	0	0	0	14932	3	2	0	0	18	14972
21	51	260	467	1312	1229	754	912	109	19	664	857	559	519	465	51	3778	8	716	295	748	1199	14972
22	1	0	1	3	1	1	5	0	0	0	0	21	0	0	0	14908	4	0	4	0	22	14971
23	0	15	1	7	2	14908	7	0	2	0	0	15	0	0	0	3	0	1	0	0	10	14971
24	0	0	1	0	0	5	0	8	0	7	6	14922	0	0	0	20	0	0	0	0	1	14970
25	3	0	3	2	14950	0	5	0	0	0	3	0	0	0	4	0	0	0	0	0	0	14970
26	26	1	14918	6	0	0	4	0	0	13	0	0	0	0	0	0	0	0	1	0	0	14969
27	0	0	0	0	0	0	0	0	0	0	0	0	0	0	0	0	0	0	0	0	0	0
28	0	0	0	0	0	0	0	0	0	0	0	0	0	0	0	0	0	0	0	0	0	0
