	K	N	R	S	T	I	M	E	D	G	A	V	Q	H	P	L	*	Y	W	C	F	SUM
0	0	0	0	5	2	0	0	4	0	0	13046	1	0	0	1	0	0	0	0	0	0	13059
1	0	0	2	0	0	5	0	0	0	0	0	0	0	1	1	13049	0	0	0	0	1	13059
2	0	2	0	0	1	13052	1	0	0	0	0	1	0	0	0	1	0	0	0	0	1	13059
3	0	0	3	0	0	0	0	0	0	0	0	0	0	0	0	13	1	0	13029	13	0	13059
4	0	5	0	0	0	0	0	4	13030	7	5	1	0	0	0	0	0	7	0	0	0	13059
5	0	3	0	0	0	0	0	3	13045	0	3	3	1	0	0	0	0	1	0	0	0	13059
6	0	0	2	0	0	0	2	1	0	0	0	0	2	0	9	13043	0	0	0	0	0	13059
7	0	0	13028	0	0	0	0	0	0	0	0	0	9	0	1	0	0	0	21	0	0	13059
8	0	8	8	13038	1	2	0	0	0	1	0	0	0	0	0	0	0	0	0	1	0	13059
9	0	0	2	0	0	0	4	0	0	0	0	1	10	0	16	13026	0	0	0	0	0	13059
10	0	0	5	3	0	0	0	0	0	11	0	2	0	0	0	0	2	15	1	13006	14	13059
11	0	0	0	0	0	2	0	0	0	0	0	0	0	3	19	13034	0	0	0	0	1	13059
12	0	0	0	5	0	84	0	0	0	0	0	0	0	0	0	10	0	0	0	3	12957	13059
13	0	10	11	13026	0	4	1	0	0	6	0	0	0	0	0	0	0	0	0	1	0	13059
14	0	2	0	3	0	0	0	0	2	0	0	0	0	8	0	0	6	13021	0	2	15	13059
15	1	8	4	0	1	0	0	0	0	0	0	0	12	12997	27	5	0	4	0	0	0	13059
16	337	289	3041	786	742	270	245	372	81	1030	1044	810	363	370	96	1113	18	937	607	325	183	13059
17	0	0	0	4	0	0	4	0	0	0	0	6	0	0	0	13036	1	0	4	0	4	13059
18	7	0	13011	5	0	0	0	0	0	34	0	0	0	0	0	0	2	0	0	0	0	13059
19	0	7	0	1	1	1	0	5	13019	17	2	1	0	2	0	0	0	2	0	1	0	13059
20	0	0	0	5	0	2	0	0	0	0	0	2	0	0	0	13008	7	1	0	0	34	13059
21	0	0	4	0	0	3	0	0	0	0	0	0	0	4	12	13029	0	0	0	0	7	13059
22	0	0	0	4	0	0	0	0	0	0	0	3	0	0	0	13036	2	0	1	0	13	13059
23	0	6	0	3	5	13034	1	0	0	0	0	4	0	0	0	1	0	0	0	0	5	13059
24	0	0	0	0	0	5	0	2	0	1	8	12967	0	0	0	75	0	0	0	0	0	13058
25	5	0	2	3	13036	0	7	0	0	0	4	0	0	0	1	0	0	0	0	0	0	13058
26	22	0	13017	4	0	0	6	1	0	6	0	0	0	0	0	0	0	0	2	0	0	13058
27	0	0	0	0	0	0	0	0	0	0	0	0	0	0	0	0	0	0	0	0	0	0
28	0	0	0	0	0	0	0	0	0	0	0	0	0	0	0	0	0	0	0	0	0	0
