	K	N	R	S	T	I	M	E	D	G	A	V	Q	H	P	L	*	Y	W	C	F	SUM
0	0	0	0	4	0	0	0	4	0	1	6956	2	0	0	3	0	0	0	0	0	0	6970
1	0	0	0	0	0	1	0	0	0	0	0	1	0	0	1	6967	0	0	0	0	0	6970
2	0	0	0	0	0	6969	0	0	0	0	0	0	0	0	0	1	0	0	0	0	0	6970
3	0	0	3	0	0	0	0	0	0	1	0	0	0	0	0	12	2	0	6937	15	0	6970
4	0	1	0	0	0	0	0	31	6931	1	0	1	0	0	0	0	0	5	0	0	0	6970
5	0	3	0	0	0	0	0	0	6959	2	1	1	0	0	0	0	0	4	0	0	0	6970
6	1	0	0	0	0	0	0	0	0	0	0	0	0	0	4	6965	0	0	0	0	0	6970
7	1	0	6953	0	0	0	0	0	0	0	0	0	3	0	0	2	0	0	11	0	0	6970
8	0	4	5	6958	0	3	0	0	0	0	0	0	0	0	0	0	0	0	0	0	0	6970
9	0	0	5	0	0	0	35	0	0	0	0	0	5	0	3	6922	0	0	0	0	0	6970
10	0	0	1	1	0	0	0	0	0	7	0	2	0	0	0	0	3	42	2	6910	2	6970
11	0	0	2	0	0	1	0	0	0	0	0	0	0	0	2	6962	0	0	0	0	3	6970
12	0	0	0	5	0	1	0	0	0	0	0	0	0	0	0	5	0	0	0	0	6959	6970
13	0	1	2	6959	0	2	0	0	0	5	0	0	0	1	0	0	0	0	0	0	0	6970
14	0	0	0	2	0	0	0	0	1	0	0	0	0	6	0	0	4	6950	0	2	5	6970
15	1	4	3	0	0	0	0	0	0	0	0	0	0	6946	14	0	0	2	0	0	0	6970
16	0	0	6938	2	0	0	0	0	0	0	0	0	1	12	9	3	0	0	0	5	0	6970
17	4	18	14	323	1044	498	303	12	14	543	858	717	27	3	20	1993	1	30	30	68	450	6970
18	3	0	6953	2	0	1	0	0	0	9	0	0	0	0	0	0	2	0	0	0	0	6970
19	0	4	0	0	0	0	0	2	6949	8	3	0	1	2	0	0	0	1	0	0	0	6970
20	0	0	0	0	0	0	0	0	0	0	0	2	0	0	0	6952	0	1	0	0	15	6970
21	0	0	0	0	0	6	0	0	0	0	0	0	0	1	6	6953	0	0	0	0	4	6970
22	0	0	0	2	0	0	0	0	0	0	0	2	0	0	0	6963	1	0	0	0	2	6970
23	0	5	0	4	2	6947	1	0	0	0	0	6	0	0	0	1	0	0	0	0	4	6970
24	0	0	0	0	0	2	0	10	0	1	7	6939	0	0	0	11	0	0	0	0	0	6970
25	6	0	1	0	6959	0	0	0	0	0	1	0	1	0	2	0	0	0	0	0	0	6970
26	10	0	6943	2	2	0	5	0	0	5	0	0	0	0	0	0	0	0	2	0	0	6969
27	0	0	0	0	0	0	0	0	0	0	0	0	0	0	0	0	0	0	0	0	0	0
28	0	0	0	0	0	0	0	0	0	0	0	0	0	0	0	0	0	0	0	0	0	0
