	K	N	R	S	T	I	M	E	D	G	A	V	Q	H	P	L	*	Y	W	C	F	SUM
0	0	0	0	7	3	0	0	0	0	0	14132	5	0	0	0	0	0	0	0	0	0	14147
1	0	0	0	0	0	2	0	0	0	0	0	2	0	2	1	14136	0	0	0	0	4	14147
2	0	2	0	0	0	14144	0	0	0	0	0	1	0	0	0	0	0	0	0	0	0	14147
3	0	0	2	0	0	0	0	0	0	1	0	0	0	0	0	15	8	0	14092	29	0	14147
4	0	8	0	0	0	0	0	3	14120	9	0	1	0	2	0	0	0	4	0	0	0	14147
5	0	5	0	0	0	0	0	1	14137	2	1	0	0	0	0	0	0	1	0	0	0	14147
6	0	0	1	0	0	0	3	0	0	0	0	0	7	0	13	14123	0	0	0	0	0	14147
7	0	0	14080	0	0	0	0	0	0	0	0	0	13	0	0	1	0	0	53	0	0	14147
8	0	30	6	14103	1	1	0	0	0	4	0	0	0	0	0	0	0	0	0	2	0	14147
9	0	0	8	0	0	0	11	0	0	0	0	0	14	0	22	14092	0	0	0	0	0	14147
10	0	0	7	2	0	0	0	0	0	19	0	0	0	0	0	0	4	22	4	14079	10	14147
11	0	0	3	0	0	2	0	0	0	0	0	1	0	1	13	14121	0	0	0	0	6	14147
12	0	0	0	5	0	1	0	0	0	0	0	0	0	0	0	29	0	1	0	0	14111	14147
13	79	219	230	1493	1188	471	466	146	21	1331	1753	1753	367	370	408	1719	14	640	263	765	451	14147
14	0	3	1	6	0	0	0	0	15	0	0	1	0	11	0	0	4	14080	0	5	21	14147
15	0	18	2	0	1	0	0	0	0	0	0	0	1	14088	30	3	0	4	0	0	0	14147
16	0	0	14081	3	1	0	0	0	0	0	0	2	0	24	10	10	0	0	0	15	1	14147
17	0	0	0	6	0	0	3	0	1	1	0	5	0	0	0	14107	5	0	3	0	15	14146
18	7	0	14078	4	1	1	0	0	0	46	0	1	0	0	0	0	6	0	1	0	1	14146
19	1	7	0	0	0	0	0	3	14104	20	3	6	0	0	0	1	0	1	0	0	0	14146
20	0	0	0	8	0	10	0	0	0	0	0	1	0	0	0	14090	5	0	0	0	32	14146
21	0	0	4	0	0	8	0	0	0	1	0	1	0	1	8	14115	0	0	0	0	8	14146
22	0	0	0	7	0	1	0	0	0	1	0	5	0	0	0	14123	0	0	3	0	6	14146
23	0	10	0	3	4	14121	0	0	0	0	0	6	0	0	0	0	0	0	0	0	2	14146
24	0	0	1	0	1	7	0	18	0	8	7	14090	0	0	0	14	0	0	0	0	0	14146
25	4	0	2	0	14132	0	3	0	0	0	2	0	0	0	2	0	0	0	0	0	0	14145
26	22	0	14083	9	3	0	13	0	0	13	0	0	0	0	0	1	0	0	0	0	0	14144
27	0	0	0	0	0	0	0	0	0	0	0	0	0	0	0	0	0	0	0	0	0	0
28	0	0	0	0	0	0	0	0	0	0	0	0	0	0	0	0	0	0	0	0	0	0
