	K	N	R	S	T	I	M	E	D	G	A	V	Q	H	P	L	*	Y	W	C	F	SUM
0	0	0	0	0	0	0	0	1	0	0	2986	0	0	0	0	0	0	0	0	0	0	2987
1	0	0	0	0	0	1	0	0	0	0	0	0	0	1	0	2984	0	0	0	0	1	2987
2	0	0	0	0	0	2987	0	0	0	0	0	0	0	0	0	0	0	0	0	0	0	2987
3	0	0	0	0	0	0	0	0	0	0	0	0	0	0	0	2	3	0	2982	0	0	2987
4	0	2	0	0	0	0	0	0	2984	0	0	0	0	1	0	0	0	0	0	0	0	2987
5	0	1	0	0	0	0	0	0	2985	0	1	0	0	0	0	0	0	0	0	0	0	2987
6	0	0	0	0	0	0	0	0	0	0	0	0	1	0	2	2984	0	0	0	0	0	2987
7	0	0	2981	0	0	0	0	0	0	1	0	0	1	0	0	1	0	0	3	0	0	2987
8	0	0	73	2913	0	0	0	0	0	1	0	0	0	0	0	0	0	0	0	0	0	2987
9	0	0	2	0	0	0	2	0	0	0	0	0	3	0	5	2975	0	0	0	0	0	2987
10	0	0	2	1	0	0	0	0	0	2	0	0	0	0	0	0	1	5	0	2975	1	2987
11	0	0	2	0	0	1	0	0	0	0	0	0	0	0	2	2981	0	0	0	0	1	2987
12	0	0	0	1	0	2	0	0	0	0	0	2	0	0	0	3	0	1	0	0	2978	2987
13	0	2	4	2976	0	1	0	0	0	3	0	0	0	0	0	0	0	0	0	1	0	2987
14	0	0	0	1	0	0	0	0	0	0	0	0	0	1	0	0	2	2982	0	0	1	2987
15	0	1	2	0	0	0	0	0	0	0	0	0	1	2981	2	0	0	0	0	0	0	2987
16	0	0	2971	1	0	0	0	0	0	0	0	0	0	7	5	2	0	0	0	1	0	2987
17	0	0	0	2	0	0	1	0	0	0	0	6	0	0	0	2975	0	0	1	0	2	2987
18	1	0	2973	2	0	1	0	1	0	8	0	0	0	0	0	0	1	0	0	0	0	2987
19	3	16	23	70	55	18	0	686	1632	103	42	16	226	27	8	35	5	12	1	0	9	2987
20	0	0	0	0	0	0	0	0	0	0	0	2	0	0	0	2972	1	0	0	0	12	2987
21	0	0	0	0	0	0	0	0	0	0	0	0	0	1	1	2984	0	0	0	0	1	2987
22	0	0	0	1	0	0	0	0	0	0	0	1	0	0	0	2983	1	0	1	0	0	2987
23	0	0	0	0	0	2986	0	0	0	0	0	1	0	0	0	0	0	0	0	0	0	2987
24	0	0	0	0	0	0	0	4	0	2	1	2977	0	0	0	3	0	0	0	0	0	2987
25	3	0	0	1	2979	0	2	0	0	0	0	0	0	0	2	0	0	0	0	0	0	2987
26	1	0	2983	1	0	0	1	0	0	1	0	0	0	0	0	0	0	0	0	0	0	2987
27	0	0	0	0	0	0	0	0	0	0	0	0	0	0	0	0	0	0	0	0	0	0
28	0	0	0	0	0	0	0	0	0	0	0	0	0	0	0	0	0	0	0	0	0	0
