	K	N	R	S	T	I	M	E	D	G	A	V	Q	H	P	L	*	Y	W	C	F	SUM
0	0	0	0	40	8	0	0	36	0	2	70193	12	0	0	1	0	0	0	0	0	0	70292
1	0	0	2	0	0	22	0	0	0	0	0	1	0	10	6	70233	0	0	0	0	18	70292
2	0	8	0	0	7	70253	4	0	0	0	0	11	0	0	0	3	0	0	0	0	5	70291
3	0	0	23	1	0	0	0	0	0	8	0	1	0	0	0	69	50	0	70093	42	4	70291
4	0	25	0	0	0	0	0	32	70163	24	9	1	0	4	0	0	0	32	0	0	0	70290
5	0	31	0	1	0	0	0	9	70208	10	13	10	0	1	0	0	0	7	0	0	0	70290
6	1	0	6	0	0	0	13	0	0	1	0	2	13	0	29	70225	0	0	0	0	0	70290
7	0	0	70117	0	0	0	0	0	0	5	1	0	45	0	1	10	0	0	111	0	0	70290
8	0	31	45	70177	1	6	0	0	0	27	0	0	0	0	0	0	0	0	0	3	0	70290
9	0	0	31	0	0	0	37	0	0	0	0	5	46	0	84	70085	0	0	0	0	2	70290
10	0	0	34	19	0	0	0	0	0	69	1	2	0	0	0	0	21	85	15	70009	35	70290
11	0	1	16	0	0	12	0	0	0	1	0	0	0	12	45	70179	0	0	0	0	24	70290
12	0	1	0	10	0	21	0	0	0	1	0	5	0	0	0	50	0	12	0	15	70175	70290
13	0	47	58	70080	9	29	1	0	0	46	0	1	0	1	0	0	1	0	1	16	0	70290
14	1	7	0	29	0	0	0	0	10	0	0	0	1	31	0	1	25	70101	0	24	60	70290
15	2	33	13	1	3	0	0	0	9	0	0	0	26	70063	116	12	0	12	0	0	0	70290
16	1	1	69912	18	0	2	0	0	0	12	0	1	2	195	60	28	0	0	1	53	3	70289
17	0	0	2	27	0	0	17	0	0	0	0	38	0	0	0	70112	6	0	25	1	61	70289
18	27	1	69986	32	5	27	0	4	0	176	0	1	0	0	0	0	29	0	0	0	1	70289
19	1	52	0	4	0	1	0	33	70004	110	26	25	0	3	0	1	0	26	0	1	1	70288
20	2	0	0	29	0	39	0	0	0	0	1	25	2	1	1	69974	28	4	0	2	180	70288
21	0	0	21	2	0	30	0	0	0	0	0	6	2	11	63	70114	0	0	0	1	38	70288
22	0	0	0	14	0	2	7	0	0	0	0	13	0	0	0	70184	10	0	9	0	49	70288
23	1	40	1	24	16	70091	33	0	0	0	0	41	0	0	0	4	0	1	0	0	36	70288
24	1	0	0	0	1	55	1	67	0	46	38	69955	0	0	0	114	7	1	0	0	2	70288
25	39	2	10	2	70161	0	31	0	0	0	21	0	0	0	21	0	0	0	0	0	0	70287
26	143	1	69942	43	4	1	53	4	0	84	0	1	1	0	1	0	0	0	8	0	0	70286
27	0	0	0	0	0	0	0	0	0	0	0	0	0	0	0	0	0	0	0	0	0	0
28	0	0	0	0	0	0	0	0	0	0	0	0	0	0	0	0	0	0	0	0	0	0
