	K	N	R	S	T	I	M	E	D	G	A	V	Q	H	P	L	*	Y	W	C	F	SUM
0	0	0	0	11	1	0	0	6	0	1	16004	4	0	0	0	0	0	0	0	0	0	16027
1	0	0	1	0	0	4	0	0	0	0	0	0	0	4	2	16013	0	0	0	0	3	16027
2	0	2	0	0	2	16018	1	0	0	0	0	2	0	0	0	0	0	0	0	0	2	16027
3	0	0	3	0	0	0	0	0	0	1	0	0	0	0	0	15	7	1	15959	40	1	16027
4	0	1	0	0	0	0	0	29	15973	7	2	1	0	3	0	0	0	11	0	0	0	16027
5	0	9	0	0	0	0	0	2	16000	2	5	2	0	0	0	0	0	7	0	0	0	16027
6	1	0	0	0	0	0	9	0	0	0	0	0	5	0	11	16001	0	0	0	0	0	16027
7	0	0	15869	0	0	0	0	0	0	1	0	0	22	0	0	56	0	0	79	0	0	16027
8	0	10	22	15975	2	12	0	0	0	4	0	0	0	0	0	0	0	0	0	2	0	16027
9	0	0	9	0	0	0	26	0	0	0	0	0	11	0	28	15953	0	0	0	0	0	16027
10	0	0	8	5	0	1	0	0	0	18	0	0	0	0	0	0	2	20	1	15931	41	16027
11	0	0	3	0	0	18	0	0	0	0	0	0	0	3	9	15988	0	0	0	0	6	16027
12	0	0	0	3	0	1	0	0	0	0	0	1	0	0	0	14	0	0	0	0	16008	16027
13	0	12	11	15982	3	7	0	0	0	9	0	0	0	0	0	0	0	0	0	2	0	16026
14	0	1	0	10	0	0	0	0	0	0	0	0	0	9	0	1	3	15986	0	4	12	16026
15	0	12	4	0	2	0	0	0	0	0	0	0	4	15971	29	2	0	2	0	0	0	16026
16	0	0	15942	5	0	0	0	0	0	3	1	0	1	44	15	6	0	1	0	8	0	16026
17	0	0	0	5	0	0	6	0	0	0	0	6	0	0	0	15991	1	0	4	0	13	16026
18	71	588	1872	1345	971	166	177	372	287	1913	1327	560	1548	1106	85	1039	14	733	338	1196	318	16026
19	0	10	0	0	0	0	0	8	15936	31	11	8	0	4	1	0	0	16	0	1	0	16026
20	0	0	0	10	0	9	0	0	0	0	0	5	0	0	0	15948	5	1	0	0	48	16026
21	0	0	3	0	0	6	0	0	0	0	0	1	0	6	16	15982	0	0	0	0	12	16026
22	0	0	0	5	0	0	0	0	0	0	0	4	0	0	0	16004	1	0	5	0	7	16026
23	0	10	0	4	4	15979	5	0	0	0	0	10	0	0	0	0	0	1	0	1	12	16026
24	0	0	0	0	1	12	0	16	0	8	3	15969	0	0	0	16	0	0	0	0	1	16026
25	3	0	2	1	16012	0	3	0	0	0	2	0	0	0	3	0	0	0	0	0	0	16026
26	23	0	15437	13	0	12	530	1	0	9	0	0	0	0	0	0	0	0	0	0	0	16025
27	0	0	0	0	0	0	0	0	0	0	0	0	0	0	0	0	0	0	0	0	0	0
28	0	0	0	0	0	0	0	0	0	0	0	0	0	0	0	0	0	0	0	0	0	0
