	K	N	R	S	T	I	M	E	D	G	A	V	Q	H	P	L	*	Y	W	C	F	SUM
0	0	0	0	0	0	0	0	0	0	0	303	0	0	0	0	0	0	0	0	0	0	303
1	0	0	0	0	0	1	0	0	0	0	0	0	0	0	1	301	0	0	0	0	0	303
2	0	0	0	0	0	303	0	0	0	0	0	0	0	0	0	0	0	0	0	0	0	303
3	0	0	0	0	0	0	0	0	0	0	0	0	0	0	0	0	0	0	303	0	0	303
4	0	0	0	0	0	0	0	1	301	0	0	0	0	0	0	0	0	1	0	0	0	303
5	0	1	0	0	0	0	0	0	302	0	0	0	0	0	0	0	0	0	0	0	0	303
6	0	0	0	0	0	0	0	0	0	0	0	0	0	0	1	302	0	0	0	0	0	303
7	0	0	302	0	0	0	0	0	0	0	0	0	0	0	0	0	0	0	1	0	0	303
8	0	0	1	302	0	0	0	0	0	0	0	0	0	0	0	0	0	0	0	0	0	303
9	0	0	0	0	0	0	1	0	0	0	0	0	0	0	0	302	0	0	0	0	0	303
10	0	0	0	0	0	0	0	0	0	0	0	0	0	0	0	0	0	1	0	302	0	303
11	0	0	0	0	0	0	0	0	0	0	0	0	0	0	0	303	0	0	0	0	0	303
12	0	0	0	0	0	0	0	0	0	0	0	0	0	0	0	0	0	0	0	0	303	303
13	0	1	0	302	0	0	0	0	0	0	0	0	0	0	0	0	0	0	0	0	0	303
14	0	0	0	1	0	0	0	0	0	0	0	0	0	0	0	0	0	302	0	0	0	303
15	0	0	0	0	0	0	0	0	0	0	0	0	0	300	2	0	0	1	0	0	0	303
16	0	0	302	0	0	0	0	0	0	0	0	0	0	1	0	0	0	0	0	0	0	303
17	0	0	0	0	0	0	0	0	0	0	0	1	0	0	0	302	0	0	0	0	0	303
18	2	11	41	45	31	4	8	3	2	38	32	10	6	17	0	26	0	6	7	11	3	303
19	0	0	0	0	0	0	0	0	301	2	0	0	0	0	0	0	0	0	0	0	0	303
20	0	0	0	0	0	0	0	0	0	0	0	0	0	0	0	302	0	0	0	0	1	303
21	0	0	0	0	0	0	0	0	0	0	0	0	0	0	0	303	0	0	0	0	0	303
22	0	0	0	1	0	0	0	0	0	0	0	0	0	0	0	302	0	0	0	0	0	303
23	0	0	0	0	0	303	0	0	0	0	0	0	0	0	0	0	0	0	0	0	0	303
24	0	0	0	0	0	0	0	0	0	0	0	303	0	0	0	0	0	0	0	0	0	303
25	0	0	0	0	303	0	0	0	0	0	0	0	0	0	0	0	0	0	0	0	0	303
26	0	0	290	1	1	0	10	0	0	1	0	0	0	0	0	0	0	0	0	0	0	303
27	0	0	0	0	0	0	0	0	0	0	0	0	0	0	0	0	0	0	0	0	0	0
28	0	0	0	0	0	0	0	0	0	0	0	0	0	0	0	0	0	0	0	0	0	0
