	K	N	R	S	T	I	M	E	D	G	A	V	Q	H	P	L	*	Y	W	C	F	SUM
0	0	0	0	36	10	0	0	28	0	1	55227	10	0	0	0	0	0	0	0	0	0	55312
1	0	0	2	1	0	15	0	0	0	0	0	2	1	7	10	55265	0	0	0	0	9	55312
2	0	6	0	0	8	55284	1	0	0	0	0	4	0	0	0	5	0	0	0	0	4	55312
3	0	0	23	1	0	0	0	0	0	6	0	0	0	0	0	66	28	0	55127	56	5	55312
4	0	35	0	1	0	0	0	39	55163	23	7	3	0	4	0	0	0	36	0	0	0	55311
5	0	29	0	2	0	0	0	6	55247	4	8	7	0	2	0	0	0	6	0	0	0	55311
6	1	0	2	0	0	0	17	0	0	0	0	0	7	0	38	55246	0	0	0	0	0	55311
7	0	0	54511	0	0	0	0	0	0	5	0	0	37	0	22	279	1	0	454	2	0	55311
8	0	38	29	55148	58	13	0	0	0	13	0	1	0	0	0	2	0	0	1	8	0	55311
9	0	0	28	0	0	0	30	0	0	0	0	4	54	0	62	55131	0	0	1	0	1	55311
10	0	0	31	16	0	0	0	0	0	67	0	0	0	0	0	0	10	82	8	55071	26	55311
11	0	0	9	0	0	50	0	0	0	1	0	3	0	10	60	55166	0	1	0	0	11	55311
12	0	1	0	18	0	11	0	0	0	0	1	4	0	1	0	39	0	40	0	8	55188	55311
13	1	33	44	54921	4	100	2	0	1	182	1	3	0	0	5	0	0	0	0	13	1	55311
14	0	9	0	22	0	1	0	0	5	0	0	0	0	29	0	2	16	55044	0	128	55	55311
15	0	162	24	0	0	0	0	0	7	0	1	0	16	55004	81	5	0	11	0	0	0	55311
16	0	0	54999	17	1	0	0	1	1	15	0	1	1	152	52	41	0	0	1	29	0	55311
17	0	0	0	24	0	1	15	0	0	0	0	32	0	0	0	55181	1	0	14	1	41	55310
18	27	0	55066	24	12	32	0	2	0	127	1	0	0	0	0	1	18	0	0	0	0	55310
19	0	32	0	0	0	0	0	33	55148	48	13	17	0	4	0	1	0	12	0	1	1	55310
20	399	1873	1385	3893	1801	3710	244	928	1453	3765	3554	4580	1272	3120	516	11256	94	2159	158	4490	4660	55310
21	0	0	30	1	0	28	1	0	0	0	1	9	0	9	62	55133	0	0	0	2	34	55310
22	0	0	1	18	2	1	7	0	0	0	0	15	0	0	0	55211	4	1	12	1	37	55310
23	0	24	3	16	29	55178	12	0	0	0	0	28	0	0	0	5	0	0	0	0	15	55310
24	2	0	0	0	0	39	0	50	0	30	28	55077	0	0	0	82	0	0	0	0	0	55308
25	19	2	5	4	55252	0	10	0	0	0	7	0	0	0	8	0	0	0	0	0	0	55307
26	103	2	55091	13	3	2	34	3	0	51	0	0	0	0	0	0	0	0	3	0	0	55305
27	0	0	0	0	0	0	0	0	0	0	0	0	0	0	0	0	0	0	0	0	0	0
28	0	0	0	0	0	0	0	0	0	0	0	0	0	0	0	0	0	0	0	0	0	0
