	K	N	R	S	T	I	M	E	D	G	A	V	Q	H	P	L	*	Y	W	C	F	SUM
0	0	0	0	7	4	0	0	10	0	2	25538	1	0	0	0	0	0	0	0	0	0	25562
1	0	0	1	0	0	9	0	0	0	0	0	0	0	1	0	25547	0	0	0	0	4	25562
2	0	1	0	1	2	25554	0	0	0	0	0	0	0	0	1	0	0	0	0	0	3	25562
3	0	0	7	0	0	0	0	0	0	1	0	0	0	0	0	24	11	0	25490	28	1	25562
4	0	12	0	0	0	0	0	11	25519	7	1	0	0	1	0	0	0	10	0	0	0	25561
5	0	16	0	0	0	0	0	3	25529	0	5	5	0	0	0	0	0	3	0	0	0	25561
6	0	0	1	0	0	0	4	0	0	0	0	0	5	0	13	25538	0	0	0	0	0	25561
7	1	0	25451	0	0	0	0	0	0	3	0	0	9	0	1	64	0	0	32	0	0	25561
8	0	11	24	25504	2	7	0	0	0	12	0	0	0	0	0	0	0	0	0	1	0	25561
9	0	0	10	0	0	0	11	0	0	0	0	2	22	0	29	25487	0	0	0	0	0	25561
10	0	0	18	9	0	0	0	0	0	28	0	0	0	0	0	0	4	16	2	25467	17	25561
11	0	0	4	1	0	4	0	0	0	0	0	1	0	2	13	25530	0	0	0	0	6	25561
12	0	0	0	5	0	4	0	0	0	0	0	1	0	0	0	20	0	0	0	1	25530	25561
13	0	19	14	25451	1	9	1	0	0	41	6	1	0	1	0	12	0	0	1	4	0	25561
14	0	1	0	8	0	0	0	0	2	0	0	0	0	9	0	1	6	25508	0	6	20	25561
15	0	14	4	0	1	1	0	0	1	0	0	0	2	25481	47	2	0	8	0	0	0	25561
16	0	0	25439	6	0	2	0	0	0	3	0	0	1	63	28	9	0	0	0	7	3	25561
17	0	0	2	7	0	0	4	0	0	0	0	9	0	0	0	25502	2	0	11	0	24	25561
18	10	0	25467	3	4	7	0	1	1	63	0	0	0	0	0	0	4	0	0	0	0	25560
19	1	9	2	0	0	0	0	6	25489	23	9	9	0	5	0	1	0	6	0	0	0	25560
20	0	0	0	9	0	7	1	0	0	0	0	7	0	0	0	25484	6	0	0	0	42	25556
21	0	0	4	1	0	16	0	0	0	0	0	1	0	3	11	25509	0	0	0	0	11	25556
22	245	487	925	1970	1939	1756	389	660	744	1083	2247	3855	1111	413	800	4258	51	523	470	632	998	25556
23	0	16	0	11	5	25469	8	0	3	0	0	22	0	0	0	2	0	0	0	0	20	25556
24	1	0	0	0	1	20	0	16	0	4	12	25472	0	0	0	29	1	0	0	0	0	25556
25	13	0	5	4	25499	0	25	0	0	0	3	0	0	0	6	0	0	0	0	0	0	25555
26	34	0	25463	10	1	0	21	0	0	23	0	0	0	0	0	0	0	0	2	0	0	25554
27	0	0	0	0	0	0	0	0	0	0	0	0	0	0	0	0	0	0	0	0	0	0
28	0	0	0	0	0	0	0	0	0	0	0	0	0	0	0	0	0	0	0	0	0	0
