	K	N	R	S	T	I	M	E	D	G	A	V	Q	H	P	L	*	Y	W	C	F	SUM
0	0	0	0	6	4	0	0	9	0	0	11638	5	0	0	0	0	0	0	0	0	0	11662
1	0	0	1	0	0	7	0	0	0	0	0	0	0	1	3	11647	0	0	0	0	3	11662
2	0	2	0	1	1	11654	1	0	0	0	0	1	0	0	0	2	0	0	0	0	0	11662
3	0	0	5	0	0	0	0	1	0	1	0	0	0	0	0	11	8	0	11622	12	2	11662
4	1	10	0	1	0	0	0	4	11632	5	1	1	0	0	0	0	0	7	0	0	0	11662
5	0	9	0	0	0	0	0	2	11644	1	3	1	0	0	0	0	0	2	0	0	0	11662
6	0	0	0	0	0	0	4	0	0	0	0	0	1	1	14	11642	0	0	0	0	0	11662
7	0	0	11633	0	0	0	0	0	0	0	0	0	6	0	0	2	0	0	21	0	0	11662
8	0	3	14	11635	1	5	1	0	0	3	0	0	0	0	0	0	0	0	0	0	0	11662
9	0	0	6	0	0	0	4	0	0	0	0	0	12	0	24	11616	0	0	0	0	0	11662
10	0	0	5	1	0	0	0	0	0	18	0	0	0	0	0	0	1	16	3	11612	6	11662
11	0	0	0	0	0	4	0	0	0	0	0	0	0	5	7	11645	0	0	0	0	1	11662
12	0	0	0	2	0	1	0	0	0	0	0	0	0	0	0	8	0	1	0	0	11650	11662
13	0	8	9	11630	0	4	0	0	0	8	0	0	0	0	0	0	0	0	0	2	1	11662
14	0	0	0	4	0	1	0	0	1	0	0	0	0	3	0	0	3	11637	0	3	10	11662
15	0	8	1	0	2	0	0	0	0	0	0	0	4	11619	24	1	0	3	0	0	0	11662
16	0	0	11595	1	0	1	0	0	0	0	1	0	0	44	7	4	0	0	0	9	0	11662
17	0	0	0	5	0	0	2	0	0	0	0	2	0	0	0	11643	0	0	3	0	7	11662
18	7	0	11622	3	0	4	1	0	0	20	1	0	0	0	0	0	4	0	0	0	0	11662
19	11	126	87	314	196	58	14	2933	5887	397	132	86	971	66	40	135	14	107	6	46	36	11662
20	1	0	0	7	1	7	0	0	0	0	0	6	0	0	0	11600	3	0	0	0	37	11662
21	0	0	3	1	0	4	0	0	0	0	0	0	0	0	9	11632	0	0	0	0	13	11662
22	0	0	0	2	0	0	2	0	0	0	0	0	0	0	0	11651	0	0	2	0	5	11662
23	0	4	0	5	1	11635	6	0	1	0	0	6	0	0	0	0	0	0	0	0	4	11662
24	0	0	0	0	0	2	0	11	0	7	4	11629	0	0	0	9	0	0	0	0	0	11662
25	4	0	0	0	11652	0	1	0	0	0	1	0	1	0	3	0	0	0	0	0	0	11662
26	16	0	11610	7	0	0	8	0	0	20	0	0	0	0	0	0	1	0	0	0	0	11662
27	0	0	0	0	0	0	0	0	0	0	0	0	0	0	0	0	0	0	0	0	0	0
28	0	0	0	0	0	0	0	0	0	0	0	0	0	0	0	0	0	0	0	0	0	0
