	K	N	R	S	T	I	M	E	D	G	A	V	Q	H	P	L	*	Y	W	C	F	SUM
0	0	0	0	4	0	0	0	5	0	0	7163	1	0	0	1	0	0	0	0	0	0	7174
1	0	0	0	0	0	3	0	0	0	0	0	0	0	2	0	7168	0	0	0	0	1	7174
2	0	1	0	0	0	7172	0	0	0	0	0	0	0	0	0	1	0	0	0	0	0	7174
3	0	0	1	0	0	0	0	0	0	0	0	0	0	0	0	10	2	0	7154	7	0	7174
4	0	4	0	0	0	0	0	2	7157	3	1	0	0	0	0	0	0	7	0	0	0	7174
5	0	5	0	1	0	1	0	1	7162	0	1	0	0	0	0	0	0	3	0	0	0	7174
6	0	0	1	0	0	0	1	0	0	0	0	0	0	0	5	7167	0	0	0	0	0	7174
7	0	0	7143	0	0	0	0	0	0	0	0	0	7	0	0	2	0	0	22	0	0	7174
8	0	3	23	7136	0	7	0	0	0	4	0	0	0	0	0	0	0	0	0	1	0	7174
9	0	0	7	0	0	1	12	0	0	0	0	1	7	0	8	7138	0	0	0	0	0	7174
10	0	0	5	1	0	0	0	0	0	6	0	0	0	0	0	0	1	9	2	7142	8	7174
11	0	0	2	0	0	2	0	0	0	0	0	1	0	2	4	7161	0	0	0	0	2	7174
12	0	0	0	3	0	0	0	0	0	0	0	0	0	0	0	7	0	0	0	0	7164	7174
13	0	7	5	7154	1	1	0	0	0	4	0	0	0	0	0	0	0	0	0	2	0	7174
14	0	1	0	4	0	0	0	0	1	0	0	0	0	2	0	1	1	7156	0	3	5	7174
15	0	2	2	0	1	0	0	0	0	0	0	0	3	7148	12	2	0	4	0	0	0	7174
16	0	0	7095	1	0	0	0	0	0	1	0	0	0	65	7	1	0	0	1	3	0	7174
17	0	0	0	2	0	0	0	0	0	0	0	1	0	0	0	7158	1	0	1	0	11	7174
18	53	215	870	724	467	156	89	136	127	1074	579	250	419	542	27	495	12	354	98	353	134	7174
19	0	4	0	1	1	0	0	2	7140	13	4	3	0	2	0	0	0	4	0	0	0	7174
20	0	0	0	1	0	3	0	0	0	0	0	4	0	0	0	7148	3	0	0	1	14	7174
21	0	1	3	0	0	3	0	0	0	0	0	0	0	0	3	7163	0	0	0	0	1	7174
22	0	0	0	2	0	0	0	0	0	0	0	1	0	0	0	7168	0	0	1	0	2	7174
23	0	2	0	3	1	7155	0	0	0	0	0	3	0	0	0	0	0	0	0	0	10	7174
24	0	0	0	0	0	5	0	5	0	7	8	7139	0	0	0	10	0	0	0	0	0	7174
25	4	0	0	1	7164	0	1	0	0	0	1	0	0	0	3	0	0	0	0	0	0	7174
26	9	0	6968	7	0	7	180	0	0	2	0	0	0	0	0	0	0	0	1	0	0	7174
27	0	0	0	0	0	0	0	0	0	0	0	0	0	0	0	0	0	0	0	0	0	0
28	0	0	0	0	0	0	0	0	0	0	0	0	0	0	0	0	0	0	0	0	0	0
