	K	N	R	S	T	I	M	E	D	G	A	V	Q	H	P	L	*	Y	W	C	F	SUM
0	0	0	0	2	2	0	0	3	0	1	6541	2	0	0	0	0	0	0	0	0	0	6551
1	0	0	1	0	0	3	0	0	0	0	0	1	0	1	1	6543	0	0	0	0	1	6551
2	0	0	0	0	0	6550	0	0	0	0	0	0	0	0	0	1	0	0	0	0	0	6551
3	0	0	1	0	0	0	0	0	0	2	0	0	0	0	0	7	5	0	6533	3	0	6551
4	0	3	0	0	0	0	0	3	6540	4	0	0	0	0	0	0	0	1	0	0	0	6551
5	0	4	0	0	0	0	0	0	6546	1	0	0	0	0	0	0	0	0	0	0	0	6551
6	0	0	1	0	0	0	0	0	0	0	0	0	4	0	4	6542	0	0	0	0	0	6551
7	0	0	6535	0	0	0	0	0	0	1	0	0	3	0	0	0	0	0	12	0	0	6551
8	0	4	5	6541	0	0	0	0	0	1	0	0	0	0	0	0	0	0	0	0	0	6551
9	0	0	3	0	0	1	6	0	0	0	0	0	8	0	8	6525	0	0	0	0	0	6551
10	0	0	2	2	0	0	0	0	0	2	0	0	0	0	0	0	4	10	2	6528	1	6551
11	0	0	1	0	0	1	0	0	0	0	0	1	0	1	2	6544	0	0	0	0	1	6551
12	0	0	0	1	0	0	0	0	0	0	0	0	0	0	0	5	0	3	0	0	6542	6551
13	0	3	2	6540	0	3	0	0	0	3	0	0	0	0	0	0	0	0	0	0	0	6551
14	0	0	0	2	0	0	0	0	0	1	0	0	0	4	0	0	3	6531	0	5	5	6551
15	1	5	1	0	0	0	0	0	0	0	0	0	1	6535	7	0	0	1	0	0	0	6551
16	0	0	6527	0	0	0	0	0	0	0	0	0	0	10	7	3	0	0	0	4	0	6551
17	0	0	0	2	0	0	1	0	0	0	0	3	0	0	0	6539	1	0	0	0	5	6551
18	2	0	6527	3	0	2	0	0	0	16	0	0	0	0	0	0	0	0	0	0	0	6550
19	0	3	0	0	0	0	0	0	6533	7	1	2	0	2	0	0	0	2	0	0	0	6550
20	0	0	0	2	0	2	0	0	0	0	0	0	0	0	0	6526	2	0	0	0	18	6550
21	0	0	2	0	0	1	0	0	0	0	0	1	0	3	9	6533	0	0	0	0	1	6550
22	0	0	0	2	0	0	0	0	0	0	0	2	0	0	0	6542	0	0	0	0	4	6550
23	0	1	0	1	2	6534	2	0	1	0	0	5	0	0	0	2	0	0	0	0	2	6550
24	0	0	0	0	0	4	0	6	2	3	2	6526	0	0	0	7	0	0	0	0	0	6550
25	4	0	2	0	6541	0	1	0	0	0	2	0	0	0	0	0	0	0	0	0	0	6550
26	10	0	6527	2	0	1	5	1	0	4	0	0	0	0	0	0	0	0	0	0	0	6550
27	0	0	0	0	0	0	0	0	0	0	0	0	0	0	0	0	0	0	0	0	0	0
28	0	0	0	0	0	0	0	0	0	0	0	0	0	0	0	0	0	0	0	0	0	0
