	K	N	R	S	T	I	M	E	D	G	A	V	Q	H	P	L	*	Y	W	C	F	SUM
0	0	0	0	10	1	0	0	8	0	0	14549	4	0	0	0	0	0	0	0	0	0	14572
1	0	0	0	0	0	7	0	0	0	0	0	0	1	2	0	14559	0	0	0	0	3	14572
2	1	1	0	1	1	14563	0	0	0	0	0	1	0	0	0	2	0	0	0	0	2	14572
3	0	0	6	0	0	0	0	0	0	4	0	0	0	0	0	11	6	0	14498	47	0	14572
4	0	7	0	1	0	0	0	36	14516	2	0	0	0	0	0	0	0	10	0	0	0	14572
5	0	7	0	1	0	0	0	1	14543	1	3	2	0	1	0	0	0	13	0	0	0	14572
6	0	0	0	0	0	0	3	0	0	0	0	0	1	0	4	14564	0	0	0	0	0	14572
7	0	0	14524	0	0	0	0	0	0	0	0	1	10	0	1	11	0	0	25	0	0	14572
8	0	12	9	14531	1	15	0	0	0	3	0	0	0	0	1	0	0	0	0	0	0	14572
9	0	0	4	0	0	0	25	0	0	0	0	1	9	0	19	14514	0	0	0	0	0	14572
10	0	0	8	0	0	0	0	0	0	9	0	0	0	0	0	0	6	24	1	14519	5	14572
11	0	0	2	0	0	3	0	0	0	0	0	4	0	1	16	14545	0	0	0	0	1	14572
12	0	0	0	3	0	1	0	0	0	0	0	0	0	0	0	10	0	1	0	2	14555	14572
13	0	17	7	14538	0	2	0	0	0	5	0	1	0	0	0	0	0	0	0	2	0	14572
14	0	0	0	6	0	0	0	0	2	0	0	0	0	7	0	0	4	14542	0	1	10	14572
15	0	11	1	0	1	0	0	0	1	0	0	0	5	14534	16	2	0	1	0	0	0	14572
16	0	0	14520	2	0	0	0	0	0	0	1	0	0	28	9	6	0	1	0	5	0	14572
17	6	37	21	559	2624	1193	576	10	20	1199	2597	1552	52	14	46	3009	2	44	41	228	742	14572
18	10	0	14523	3	1	3	0	0	0	22	0	3	0	0	0	0	7	0	0	0	0	14572
19	0	11	0	1	0	0	0	6	14522	21	4	1	0	2	0	0	0	2	0	1	0	14571
20	0	0	0	4	0	3	0	0	0	0	0	4	0	0	0	14526	4	0	0	1	29	14571
21	0	0	6	1	0	5	0	0	0	0	0	1	0	0	16	14534	0	0	0	0	8	14571
22	0	0	0	6	0	0	1	0	0	0	0	3	0	0	0	14552	1	0	2	0	6	14571
23	0	11	1	4	10	14534	3	0	0	0	0	5	0	0	0	1	0	0	0	0	2	14571
24	0	0	0	0	0	8	0	10	1	8	8	14512	0	0	0	22	2	0	0	0	0	14571
25	6	0	1	2	14544	1	6	0	0	0	6	0	0	0	5	0	0	0	0	0	0	14571
26	13	0	14528	5	0	0	12	1	0	11	0	0	0	0	0	0	0	0	1	0	0	14571
27	0	0	0	0	0	0	0	0	0	0	0	0	0	0	0	0	0	0	0	0	0	0
28	0	0	0	0	0	0	0	0	0	0	0	0	0	0	0	0	0	0	0	0	0	0
