	K	N	R	S	T	I	M	E	D	G	A	V	Q	H	P	L	*	Y	W	C	F	SUM
0	0	0	0	5	1	0	0	6	0	0	11555	2	0	0	0	0	0	0	0	0	0	11569
1	0	0	0	0	0	5	0	0	0	0	0	0	0	1	1	11560	0	0	0	0	2	11569
2	0	0	0	1	0	11567	0	0	0	0	0	0	0	0	0	0	0	0	0	0	1	11569
3	0	0	2	0	0	0	0	0	0	1	0	0	0	0	0	25	3	0	11466	71	1	11569
4	0	2	0	0	0	0	0	8	11545	3	2	0	0	1	0	0	0	8	0	0	0	11569
5	0	8	0	0	0	0	0	0	11553	1	1	0	0	0	0	0	0	6	0	0	0	11569
6	0	0	0	0	0	0	5	0	0	0	0	0	1	0	11	11552	0	0	0	0	0	11569
7	0	0	11527	0	0	0	0	0	0	2	0	0	8	0	0	2	0	0	30	0	0	11569
8	0	16	5	11543	1	1	0	0	0	0	0	0	0	0	0	0	0	0	0	3	0	11569
9	0	0	10	0	0	1	14	0	0	0	0	1	5	0	15	11522	0	0	0	0	1	11569
10	0	0	8	8	0	0	0	0	0	19	0	0	0	0	0	0	2	41	0	11485	6	11569
11	0	0	1	0	0	4	0	0	0	0	0	0	0	1	9	11552	0	0	0	0	2	11569
12	0	0	0	5	0	1	0	0	0	0	0	1	0	0	1	17	0	0	0	4	11540	11569
13	0	14	13	11521	1	5	0	0	0	11	0	0	0	1	1	0	0	0	0	2	0	11569
14	41	140	307	252	68	1235	22	149	58	316	130	370	270	535	20	2475	18	2622	26	1296	1219	11569
15	0	10	5	0	0	0	0	0	2	0	1	0	5	11527	16	0	0	3	0	0	0	11569
16	0	0	11504	3	0	0	0	0	1	14	0	0	2	21	6	4	0	0	0	14	0	11569
17	0	0	0	6	0	0	2	0	0	0	0	8	0	0	0	11537	4	0	4	0	8	11569
18	5	0	11515	4	1	7	0	2	0	30	0	0	0	0	1	0	4	0	0	0	0	11569
19	0	8	0	1	0	0	0	7	11531	11	0	7	0	0	0	1	0	3	0	0	0	11569
20	0	0	0	5	1	6	0	0	0	0	0	3	0	0	1	11530	2	0	0	0	21	11569
21	0	0	7	0	0	6	0	0	0	0	0	1	0	1	8	11538	0	0	0	0	8	11569
22	0	0	0	2	1	0	2	0	0	0	0	5	0	0	0	11545	0	0	3	0	11	11569
23	0	6	0	2	2	11545	4	1	0	0	0	3	0	0	0	1	0	0	0	0	5	11569
24	0	0	0	0	0	10	0	9	0	10	3	11520	0	0	0	16	0	0	0	0	0	11568
25	42	0	1	0	11514	0	6	0	0	0	3	0	0	0	2	0	0	0	0	0	0	11568
26	14	0	11510	10	1	0	19	1	0	12	0	0	0	0	0	0	0	0	1	0	0	11568
27	0	0	0	0	0	0	0	0	0	0	0	0	0	0	0	0	0	0	0	0	0	0
28	0	0	0	0	0	0	0	0	0	0	0	0	0	0	0	0	0	0	0	0	0	0
