	K	N	R	S	T	I	M	E	D	G	A	V	Q	H	P	L	*	Y	W	C	F	SUM
0	0	0	0	55	13	0	0	40	0	6	82600	22	0	0	4	0	0	0	0	0	0	82740
1	0	0	2	0	1	41	0	0	0	0	0	1	0	8	12	82661	0	0	0	0	14	82740
2	0	4	0	2	11	82693	4	0	0	0	0	10	0	0	0	8	0	0	0	0	8	82740
3	0	0	20	1	0	0	0	0	0	5	0	0	0	0	0	109	40	0	82416	147	2	82740
4	0	26	0	0	0	0	0	34	82607	29	6	2	0	2	0	0	0	34	0	0	0	82740
5	0	49	0	1	0	0	0	35	82607	11	13	10	0	2	0	0	0	11	0	0	0	82739
6	1	0	4	0	0	0	13	0	0	0	0	1	14	0	41	82665	0	0	0	0	0	82739
7	0	0	82553	0	1	0	0	0	0	5	0	0	42	1	4	11	0	0	122	0	0	82739
8	1	49	49	82598	5	8	0	0	0	23	0	0	0	0	0	1	0	0	0	5	0	82739
9	1	0	25	0	0	0	91	0	0	0	0	2	82	0	110	82428	0	0	0	0	0	82739
10	0	0	61	10	0	0	0	0	1	76	0	3	0	0	0	0	17	122	12	82390	47	82739
11	0	0	10	0	0	16	0	0	0	0	0	6	0	17	56	82618	0	0	0	0	16	82739
12	0	0	0	22	0	232	0	1	0	0	0	3	0	0	1	49	1	11	0	12	82407	82739
13	0	70	54	82510	11	15	0	0	0	54	0	0	0	1	1	0	1	2	1	19	0	82739
14	0	8	1	22	0	0	0	0	11	1	0	1	1	49	1	1	16	82551	0	18	57	82738
15	2	39	17	0	2	0	1	3	8	2	0	1	38	82428	155	15	1	26	0	0	0	82738
16	2152	1257	20089	5503	4463	1081	2043	2608	544	5815	6566	5262	1952	2509	600	7792	76	4654	4944	1790	1038	82738
17	0	0	3	25	0	0	26	0	1	1	0	95	0	0	1	82469	10	0	26	0	79	82736
18	86	2	82376	35	4	16	0	4	2	174	1	0	0	0	0	3	33	0	0	0	0	82736
19	0	55	0	3	1	1	0	32	82439	109	26	34	0	12	0	3	1	18	0	1	1	82736
20	0	0	1	32	0	24	0	0	0	0	0	24	0	0	1	82433	27	3	1	2	188	82736
21	1	0	13	1	4	23	1	0	0	0	1	3	1	14	68	82572	0	0	0	0	34	82736
22	1	0	1	30	0	3	11	0	0	0	0	15	0	0	0	82572	8	1	9	1	84	82736
23	1	48	1	15	26	82552	23	0	0	1	0	51	0	0	0	4	0	0	0	0	13	82735
24	1	0	2	0	3	46	0	74	0	39	47	81908	0	0	0	605	6	0	0	0	2	82733
25	46	2	17	9	82599	1	35	0	0	0	6	0	2	0	15	0	0	0	0	0	0	82732
26	107	1	82461	33	10	1	34	2	0	70	0	1	0	0	0	1	1	0	6	0	0	82728
27	0	0	0	0	0	0	0	0	0	0	0	0	0	0	0	0	0	0	0	0	0	0
28	0	0	0	0	0	0	0	0	0	0	0	0	0	0	0	0	0	0	0	0	0	0
