	K	N	R	S	T	I	M	E	D	G	A	V	Q	H	P	L	*	Y	W	C	F	SUM
0	0	0	0	24	7	0	0	16	0	2	47644	4	0	0	3	0	0	0	0	0	0	47700
1	0	0	0	0	0	17	0	0	0	0	0	0	0	4	4	47669	0	0	0	0	6	47700
2	0	3	0	0	4	47676	0	0	0	1	0	5	0	0	0	8	0	0	0	0	3	47700
3	1	0	18	2	0	0	0	0	0	3	0	0	0	0	0	47	25	0	47520	79	5	47700
4	1	19	0	0	0	0	0	15	47604	22	2	4	0	4	0	0	0	29	0	0	0	47700
5	0	37	0	1	0	0	0	14	47623	13	2	4	0	2	0	0	0	4	0	0	0	47700
6	0	0	0	0	0	0	29	0	0	0	0	1	4	0	59	47607	0	0	0	0	0	47700
7	3	0	47549	0	0	0	0	0	0	1	0	0	32	0	1	6	0	0	108	0	0	47700
8	1	68	102	47498	3	7	0	0	0	18	0	0	0	0	0	0	0	0	0	3	0	47700
9	0	0	18	0	0	0	37	0	0	0	0	2	47	0	64	47532	0	0	0	0	0	47700
10	0	1	29	14	0	0	0	0	0	34	0	1	0	0	0	2	6	65	7	47515	26	47700
11	0	0	4	1	0	191	0	0	0	0	0	4	0	9	36	47436	0	0	0	0	19	47700
12	1	1	1	10	0	4	0	0	0	1	0	3	0	1	0	57	0	10	0	4	47607	47700
13	317	541	558	5461	3771	2174	2286	438	99	5141	5017	6090	694	1541	1405	4905	47	2327	658	3039	1191	47700
14	0	6	1	13	0	0	0	0	36	0	0	2	1	37	1	3	20	47492	0	20	68	47700
15	2	167	20	0	1	0	0	0	3	0	1	0	590	46797	78	7	0	34	0	0	0	47700
16	0	1	47534	9	1	1	0	0	1	2	2	0	0	71	30	16	0	0	0	30	2	47700
17	0	0	1	18	0	0	12	0	0	1	0	13	0	0	0	47607	5	0	15	1	27	47700
18	17	0	47515	11	2	11	0	3	2	120	0	0	0	0	0	3	15	0	1	0	0	47700
19	0	31	1	1	0	2	0	21	47516	68	26	17	0	4	0	4	0	8	0	1	0	47700
20	0	0	0	12	0	24	1	0	0	0	0	14	0	0	1	47502	20	1	0	0	124	47699
21	0	2	20	4	1	15	0	0	0	0	0	4	0	6	58	47571	0	0	0	0	18	47699
22	0	0	11	4	1	2	4	0	0	0	0	7	0	0	0	47641	3	0	6	0	20	47699
23	0	32	1	4	14	47575	12	0	0	0	0	35	0	0	1	8	0	0	0	0	16	47698
24	0	0	1	0	3	22	0	10	0	21	16	47569	0	0	0	54	1	0	0	0	0	47697
25	31	0	6	6	47607	0	29	0	0	0	3	0	0	0	14	0	0	0	0	0	0	47696
26	98	1	47493	17	3	0	27	2	1	45	0	0	0	0	0	0	0	0	6	0	0	47693
27	0	0	0	0	0	0	0	0	0	0	0	0	0	0	0	0	0	0	0	0	0	0
28	0	0	0	0	0	0	0	0	0	0	0	0	0	0	0	0	0	0	0	0	0	0
