	K	N	R	S	T	I	M	E	D	G	A	V	Q	H	P	L	*	Y	W	C	F	SUM
0	0	0	0	9	3	0	0	8	0	0	16881	5	0	0	0	0	0	0	0	0	0	16906
1	0	0	4	0	0	8	0	0	0	0	0	2	0	1	3	16882	0	0	0	0	6	16906
2	0	0	0	0	2	16901	1	0	0	0	0	1	0	0	0	0	0	0	0	0	1	16906
3	0	0	1	0	0	0	0	0	0	1	0	0	0	0	0	15	26	0	16853	9	1	16906
4	0	6	0	0	0	0	0	11	16877	5	2	1	0	0	0	0	0	3	0	0	0	16905
5	0	7	0	0	0	0	0	3	16887	2	4	1	0	0	0	0	0	1	0	0	0	16905
6	0	0	0	0	0	0	3	0	0	0	0	0	0	0	32	16870	0	0	0	0	0	16905
7	0	0	16664	0	0	0	0	0	0	1	0	0	8	0	6	190	0	0	36	0	0	16905
8	0	1	21	16879	0	0	0	0	0	3	0	0	0	0	0	0	0	0	0	1	0	16905
9	0	0	11	0	0	0	14	0	0	0	0	0	11	0	20	16849	0	0	0	0	0	16905
10	0	0	9	10	0	0	0	0	0	12	0	0	0	0	0	0	7	26	2	16834	5	16905
11	0	0	4	0	0	5	0	0	0	0	0	0	0	5	17	16873	0	0	0	0	1	16905
12	0	0	0	3	0	2	0	0	0	0	0	1	0	0	0	8	1	1	0	4	16885	16905
13	1	15	12	16864	0	3	0	0	0	7	0	0	0	1	0	0	0	0	0	2	0	16905
14	0	1	0	2	0	0	0	0	0	0	0	0	0	15	0	0	9	16867	0	2	9	16905
15	1	8	7	0	0	0	0	0	1	0	0	0	4	16860	21	2	0	1	0	0	0	16905
16	0	0	16817	4	0	0	0	0	0	1	0	0	0	52	16	5	0	0	0	10	0	16905
17	0	0	0	28	0	1	2	0	0	0	0	12	0	0	0	16841	2	0	8	0	10	16904
18	8	0	16849	6	2	1	1	0	0	32	0	0	0	0	0	0	5	0	0	0	0	16904
19	22	63	72	538	624	118	47	4320	9288	616	199	191	374	70	27	136	21	96	3	19	60	16904
20	0	0	0	3	0	12	0	0	0	0	0	5	0	0	0	16828	14	1	0	0	41	16904
21	0	0	3	7	0	7	0	0	0	0	0	1	0	1	11	16863	0	0	0	0	11	16904
22	0	0	0	4	0	0	1	0	0	0	0	3	0	0	0	16873	8	0	0	0	15	16904
23	0	13	0	2	3	16857	4	0	0	0	0	12	0	0	0	7	0	0	0	0	5	16903
24	0	0	0	0	0	29	0	11	0	5	5	16835	0	0	0	10	8	0	0	0	0	16903
25	7	0	2	3	16884	0	3	0	0	0	3	0	0	0	1	0	0	0	0	0	0	16903
26	30	0	16850	3	0	0	7	2	0	10	0	0	0	0	0	0	0	0	1	0	0	16903
27	0	0	0	0	0	0	0	0	0	0	0	0	0	0	0	0	0	0	0	0	0	0
28	0	0	0	0	0	0	0	0	0	0	0	0	0	0	0	0	0	0	0	0	0	0
