	K	N	R	S	T	I	M	E	D	G	A	V	Q	H	P	L	*	Y	W	C	F	SUM
0	0	0	0	40	14	0	0	51	0	1	88002	24	0	0	2	0	0	0	0	0	0	88134
1	0	1	1	0	0	33	0	1	0	0	0	5	0	8	13	88055	0	0	0	0	17	88134
2	1	4	0	2	11	88097	2	0	0	0	0	8	0	0	0	6	0	0	0	0	3	88134
3	0	0	23	3	0	0	0	0	0	8	0	0	0	0	0	98	28	0	87884	87	3	88134
4	0	26	0	0	0	0	0	34	87952	58	10	4	0	1	0	0	0	48	0	0	0	88133
5	0	38	0	2	0	1	0	23	88030	9	13	10	0	1	0	0	0	6	0	0	0	88133
6	0	1	11	0	0	0	14	0	0	0	0	1	28	0	57	88021	0	0	0	0	0	88133
7	0	0	87914	0	0	0	0	0	0	5	0	0	49	0	4	12	0	0	149	0	0	88133
8	0	37	46	88004	2	18	0	0	0	21	0	0	0	0	0	0	0	0	0	5	0	88133
9	0	0	38	0	1	1	38	0	0	0	0	10	64	0	126	87854	0	0	1	0	0	88133
10	0	0	48	21	0	0	0	0	0	77	0	3	0	0	0	3	15	105	16	87801	44	88133
11	0	0	17	0	0	12	0	1	1	0	0	1	0	7	61	88014	0	0	0	0	19	88133
12	0	0	0	33	0	563	0	0	0	0	0	8	0	0	1	74	0	5	0	11	87438	88133
13	1	76	62	87886	4	38	0	0	0	52	0	0	0	1	1	1	0	0	0	11	0	88133
14	0	2	0	17	0	0	0	2	8	0	0	0	0	46	0	4	24	87943	1	20	65	88132
15	2	35	27	0	1	2	0	2	3	0	0	0	134	87712	174	14	0	26	0	0	0	88132
16	2076	1862	20728	5338	4971	1752	1761	2596	579	6820	7113	5494	2496	2461	597	7718	100	6209	3982	2136	1343	88132
17	0	0	0	37	3	0	17	1	1	0	0	80	0	0	0	87837	7	0	40	5	104	88132
18	37	0	87763	37	4	18	0	6	0	225	0	2	0	0	1	3	33	0	0	1	1	88131
19	0	58	1	5	0	0	0	45	87810	115	26	34	0	4	0	2	1	22	0	4	2	88129
20	1	0	0	38	0	38	0	1	0	0	0	32	0	0	0	87793	37	1	0	3	184	88128
21	0	0	20	1	0	24	1	0	0	0	0	5	0	7	83	87949	0	0	1	0	37	88128
22	0	0	0	21	2	2	7	0	0	0	0	18	0	0	0	87961	7	0	19	0	91	88128
23	0	39	5	20	32	87900	25	0	1	0	0	62	0	0	0	16	0	0	0	0	27	88127
24	0	0	2	0	3	39	0	61	0	46	48	87410	0	0	0	510	3	0	0	1	2	88125
25	34	2	13	10	87989	0	40	0	0	1	15	0	0	0	20	0	0	0	0	0	0	88124
26	159	1	87739	45	9	2	56	4	0	96	0	1	1	0	0	1	0	0	6	0	0	88120
27	0	0	0	0	0	0	0	0	0	0	0	0	0	0	0	0	0	0	0	0	0	0
28	0	0	0	0	0	0	0	0	0	0	0	0	0	0	0	0	0	0	0	0	0	0
