	K	N	R	S	T	I	M	E	D	G	A	V	Q	H	P	L	*	Y	W	C	F	SUM
0	0	0	0	4	1	0	0	10	0	1	17642	1	0	0	0	0	0	0	0	0	0	17659
1	0	1	0	0	0	1	0	0	0	0	0	0	0	1	1	17652	0	0	0	0	3	17659
2	0	0	0	0	1	17656	0	0	0	0	0	1	0	0	0	1	0	0	0	0	0	17659
3	0	0	9	0	0	0	0	0	0	1	0	0	0	0	0	8	5	0	17625	11	0	17659
4	0	2	0	0	0	0	0	10	17640	2	2	0	0	0	0	0	0	3	0	0	0	17659
5	0	11	0	0	0	0	0	2	17640	1	2	2	0	0	0	0	0	1	0	0	0	17659
6	0	0	1	0	0	0	1	0	0	0	0	0	4	0	8	17645	0	0	0	0	0	17659
7	0	0	17619	0	0	0	0	0	0	1	0	0	8	0	0	8	0	0	23	0	0	17659
8	0	7	7	17634	1	2	0	0	0	7	0	0	0	0	0	0	0	0	0	1	0	17659
9	0	0	9	0	0	0	10	0	0	0	0	1	12	0	14	17613	0	0	0	0	0	17659
10	0	0	11	6	0	0	0	0	0	13	0	2	0	0	0	0	2	22	6	17589	8	17659
11	0	1	3	0	1	2893	0	0	0	0	0	0	0	1	11	14747	0	0	0	0	2	17659
12	0	1	0	3	0	3	0	0	0	0	0	3	0	0	0	10	0	1	1	1	17636	17659
13	0	12	3	17588	25	5	0	0	0	19	0	1	0	0	0	1	0	0	0	5	0	17659
14	1	2	3	6	0	0	0	0	0	0	0	0	1	15	0	1	7	17611	0	3	9	17659
15	2	8	2	0	0	0	0	0	1	0	0	0	3	17607	26	4	0	5	0	1	0	17659
16	0	0	17587	4	0	0	0	0	0	3	0	0	0	23	17	14	0	1	0	9	1	17659
17	0	0	1	4	0	0	0	0	3	1	0	6	0	0	0	17621	5	0	4	0	14	17659
18	2	0	17606	5	0	7	0	1	1	30	0	0	0	0	0	2	4	0	0	0	1	17659
19	0	11	1	2	0	0	0	5	17578	32	7	8	0	1	1	2	0	8	0	0	2	17658
20	0	0	0	5	0	8	0	0	0	1	0	6	0	0	0	17601	6	2	0	0	29	17658
21	147	273	629	1246	1093	788	966	64	29	889	936	692	525	847	86	2547	18	1466	3310	533	574	17658
22	0	0	0	3	0	2	7	0	0	0	0	28	1	0	0	17585	1	0	7	0	24	17658
23	0	14	0	6	5	17593	4	0	0	0	0	22	0	0	0	2	0	0	0	0	12	17658
24	0	0	3	0	2	10	0	9	0	10	8	17584	0	0	0	32	0	0	0	0	0	17658
25	5	0	3	2	17635	0	2	0	0	0	4	0	0	0	3	0	0	0	0	0	0	17654
26	31	0	17587	10	2	1	10	0	0	11	0	0	0	0	0	0	0	0	0	0	0	17652
27	0	0	0	0	0	0	0	0	0	0	0	0	0	0	0	0	0	0	0	0	0	0
28	0	0	0	0	0	0	0	0	0	0	0	0	0	0	0	0	0	0	0	0	0	0
