	K	N	R	S	T	I	M	E	D	G	A	V	Q	H	P	L	*	Y	W	C	F	SUM
0	0	0	0	10	4	0	0	2	0	0	15089	1	0	0	1	0	0	0	0	0	0	15107
1	0	0	2	0	0	4	0	0	0	0	0	0	0	9	1	15087	0	0	0	0	4	15107
2	0	0	0	0	1	15105	0	0	0	0	0	1	0	0	0	0	0	0	0	0	0	15107
3	0	0	3	0	0	0	0	0	0	1	0	0	0	0	0	19	5	0	15063	16	0	15107
4	0	5	0	0	0	0	0	42	15025	0	3	0	0	1	0	0	0	31	0	0	0	15107
5	0	10	0	0	0	0	0	5	15076	2	2	1	0	0	0	0	0	11	0	0	0	15107
6	0	0	2	0	0	0	3	0	0	0	0	0	2	0	4	15096	0	0	0	0	0	15107
7	0	0	14974	0	0	0	0	0	0	2	0	0	34	0	0	10	1	0	85	1	0	15107
8	0	9	60	15027	0	6	0	0	0	4	0	0	0	1	0	0	0	0	0	0	0	15107
9	0	0	4	0	0	0	32	0	0	0	0	2	10	0	17	15042	0	0	0	0	0	15107
10	0	0	8	2	0	0	0	0	0	12	0	0	0	0	0	0	2	18	2	15021	42	15107
11	0	0	2	0	0	9	0	0	0	0	0	1	0	4	12	15075	0	0	0	0	4	15107
12	0	0	0	10	0	1	0	0	0	0	0	0	0	0	0	6	0	2	0	1	15087	15107
13	0	7	7	15070	1	4	2	0	0	13	0	0	0	0	0	0	0	0	0	3	0	15107
14	0	0	0	6	0	1	0	0	0	0	0	0	0	7	2	0	5	15073	0	4	9	15107
15	0	8	2	0	0	0	0	0	2	0	0	2	4	15050	33	2	0	3	0	0	1	15107
16	0	0	15040	6	0	0	1	0	0	3	0	0	0	32	13	2	0	0	0	10	0	15107
17	0	0	0	1	0	0	6	0	0	0	0	7	0	0	0	15065	1	0	7	0	20	15107
18	61	542	1818	1916	1099	300	271	236	280	1773	1689	559	564	719	57	1356	17	711	245	630	264	15107
19	0	9	0	0	0	0	0	7	15044	21	4	0	0	5	0	1	0	15	0	0	1	15107
20	0	0	0	7	0	1	0	0	0	1	0	1	1	0	0	15051	5	0	0	0	40	15107
21	0	0	7	0	0	6	0	0	0	0	0	2	0	1	13	15071	0	0	0	0	7	15107
22	1	0	0	4	1	1	1	0	0	0	0	4	0	0	0	15082	0	0	6	0	7	15107
23	0	9	1	2	2	15076	1	0	0	0	0	9	0	0	0	1	0	0	0	0	6	15107
24	0	0	0	0	1	7	0	6	0	3	8	15057	0	0	0	22	2	0	0	0	0	15106
25	3	0	1	0	15097	0	3	0	0	0	1	0	0	0	1	0	0	0	0	0	0	15106
26	26	0	14459	12	1	12	571	1	0	19	0	1	0	0	0	0	0	0	3	0	0	15105
27	0	0	0	0	0	0	0	0	0	0	0	0	0	0	0	0	0	0	0	0	0	0
28	0	0	0	0	0	0	0	0	0	0	0	0	0	0	0	0	0	0	0	0	0	0
