	K	N	R	S	T	I	M	E	D	G	A	V	Q	H	P	L	*	Y	W	C	F	SUM
0	0	0	0	32	6	0	0	34	0	0	53551	10	0	0	0	0	0	0	0	0	0	53633
1	0	0	5	0	0	20	0	0	0	0	0	7	1	8	10	53577	0	0	0	0	5	53633
2	0	5	0	3	4	53608	1	0	0	0	0	4	0	0	0	7	0	0	0	0	1	53633
3	0	0	19	1	0	0	0	0	0	4	0	0	0	0	0	135	33	0	53352	85	4	53633
4	0	37	0	3	0	0	0	84	53447	22	4	4	0	0	0	0	0	31	0	0	0	53632
5	0	44	0	1	0	0	0	11	53534	8	14	5	0	0	0	0	0	15	0	0	0	53632
6	0	0	5	0	0	0	14	0	0	0	0	3	6	0	26	53578	0	0	0	0	0	53632
7	0	0	53461	0	0	0	0	0	0	3	0	0	50	0	0	8	0	0	110	0	0	53632
8	0	25	33	53527	6	14	0	0	0	22	0	0	0	0	0	1	0	0	0	4	0	53632
9	0	0	20	0	0	0	31	0	0	0	0	4	35	0	81	53459	0	0	1	1	0	53632
10	0	0	30	34	0	0	0	0	1	40	0	2	0	0	0	3	23	84	13	53381	21	53632
11	0	0	9	1	0	11	0	0	0	0	0	4	0	10	58	53529	0	0	0	0	10	53632
12	0	0	1	12	0	9	0	0	1	0	0	4	0	0	0	49	1	37	0	8	53510	53632
13	0	59	28	53477	5	12	0	0	1	37	0	1	1	0	0	1	0	1	1	6	2	53632
14	0	2	3	20	0	0	0	0	6	0	0	1	0	29	1	4	19	53489	0	12	46	53632
15	1254	2187	2157	3279	3271	1611	1008	5293	3716	1140	6147	5741	3611	4818	731	4767	59	1481	132	460	769	53632
16	0	0	53333	26	1	0	0	0	1	32	3	0	2	102	53	23	0	0	0	54	2	53632
17	0	0	1	16	1	0	15	0	0	1	0	19	0	0	0	53526	4	1	14	0	34	53632
18	25	0	53436	18	1	14	0	2	2	106	0	0	0	0	0	2	25	0	0	0	1	53632
19	0	34	1	3	0	0	0	40	53423	68	22	19	0	7	0	3	0	10	0	1	1	53632
20	0	0	0	17	0	14	0	1	0	0	0	23	0	0	1	53431	12	2	0	0	131	53632
21	2	0	11	1	1	59	0	0	0	0	0	6	0	11	53	53450	0	0	0	1	37	53632
22	0	0	0	15	1	2	10	0	0	0	0	9	0	0	0	53543	7	0	6	0	39	53632
23	1	33	2	13	12	53481	13	0	0	0	0	47	0	0	1	9	0	0	0	1	19	53632
24	0	0	2	0	2	61	0	29	1	15	15	53354	0	0	1	148	3	0	0	0	0	53631
25	60	0	7	8	53525	0	20	0	0	0	6	0	0	0	4	0	0	0	0	0	0	53630
26	86	1	53382	34	1	0	63	1	0	53	0	0	0	0	0	0	0	0	7	0	0	53628
27	0	0	0	0	0	0	0	0	0	0	0	0	0	0	0	0	0	0	0	0	0	0
28	0	0	0	0	0	0	0	0	0	0	0	0	0	0	0	0	0	0	0	0	0	0
