	K	N	R	S	T	I	M	E	D	G	A	V	Q	H	P	L	*	Y	W	C	F	SUM
0	0	0	0	11	2	0	0	14	0	1	26429	7	0	0	2	0	0	0	0	0	0	26466
1	0	0	1	0	0	7	0	0	0	0	0	0	0	2	1	26453	0	0	0	0	2	26466
2	0	4	0	0	4	26455	1	0	0	0	0	0	0	0	0	1	0	0	0	0	1	26466
3	0	0	6	0	0	0	0	0	0	2	0	0	0	0	0	46	20	0	26352	37	3	26466
4	0	23	0	0	0	0	0	36	26368	12	5	2	0	1	0	0	0	18	0	0	0	26465
5	0	26	0	2	0	0	0	5	26410	5	7	4	0	1	0	0	0	5	0	0	0	26465
6	0	0	1	0	0	0	8	0	0	0	0	0	2	0	22	26432	0	0	0	0	0	26465
7	0	0	26375	0	0	0	0	0	0	1	0	0	23	0	2	9	0	0	55	0	0	26465
8	0	6	17	26426	2	6	0	0	0	7	0	0	0	0	1	0	0	0	0	0	0	26465
9	0	0	15	0	0	1	14	0	0	0	0	2	23	0	40	26369	0	0	0	1	0	26465
10	0	0	14	12	0	0	0	0	0	20	0	0	0	0	1	0	12	38	3	26351	14	26465
11	0	0	5	0	0	2	1	0	0	0	0	2	0	2	21	26424	0	0	0	1	7	26465
12	0	0	0	5	0	3	0	0	0	0	0	2	0	0	0	25	1	15	0	7	26407	26465
13	0	25	17	26393	4	6	0	0	1	10	0	0	0	0	1	2	0	1	0	2	2	26464
14	1	2	1	7	0	1	0	0	4	0	0	0	0	10	1	1	9	26411	0	4	12	26464
15	641	1076	1066	1632	1714	836	522	2560	1853	581	2992	2781	1715	2352	355	2309	36	722	87	246	388	26464
16	0	0	26311	15	2	3	0	0	0	8	0	0	0	61	19	14	0	0	1	30	0	26464
17	0	0	1	10	1	1	6	0	2	1	0	14	0	0	0	26404	1	0	6	0	17	26464
18	8	0	26368	13	2	5	0	2	1	56	0	0	0	0	0	1	6	0	0	0	1	26463
19	0	21	1	1	0	0	0	20	26360	28	8	10	0	2	1	1	0	9	0	0	1	26463
20	0	0	1	10	0	8	0	0	0	0	0	10	0	0	0	26369	9	1	0	0	54	26462
21	0	1	6	1	0	28	0	0	0	0	0	2	0	7	21	26369	0	0	0	1	26	26462
22	0	0	0	7	0	1	5	0	0	0	0	4	0	0	0	26422	2	0	3	0	18	26462
23	1	13	0	8	7	26400	8	0	1	0	0	16	0	0	0	2	0	0	0	0	6	26462
24	0	0	1	0	1	33	0	11	0	12	7	26333	0	0	0	64	0	0	0	0	0	26462
25	34	0	4	0	26415	0	3	0	0	0	1	0	0	0	3	0	0	0	0	0	0	26460
26	52	0	26349	7	0	0	24	2	0	21	0	0	0	0	0	0	0	0	3	0	0	26458
27	0	0	0	0	0	0	0	0	0	0	0	0	0	0	0	0	0	0	0	0	0	0
28	0	0	0	0	0	0	0	0	0	0	0	0	0	0	0	0	0	0	0	0	0	0
