	K	N	R	S	T	I	M	E	D	G	A	V	Q	H	P	L	*	Y	W	C	F	SUM
0	0	0	0	18	3	0	0	14	0	0	26494	1	0	0	1	0	0	0	0	0	0	26531
1	0	0	0	0	0	9	0	0	0	0	0	0	0	0	4	26512	0	0	0	0	6	26531
2	1	2	0	0	3	26514	1	0	0	0	0	4	0	0	0	6	0	0	0	0	0	26531
3	0	0	12	1	0	0	0	0	0	1	0	0	0	0	0	29	21	0	26409	57	1	26531
4	0	9	0	1	0	0	0	9	26492	5	4	1	0	0	0	0	0	10	0	0	0	26531
5	0	14	0	1	0	0	0	4	26507	1	3	1	0	0	0	0	0	0	0	0	0	26531
6	0	0	1	0	0	1	5	0	0	0	0	0	3	0	17	26504	0	0	0	0	0	26531
7	0	0	26404	0	0	0	0	0	0	0	0	5	35	0	0	2	0	0	85	0	0	26531
8	0	41	9	26465	1	2	0	0	0	10	0	0	0	0	0	2	0	0	0	1	0	26531
9	0	0	16	1	0	0	14	0	0	0	0	2	23	0	35	26439	0	0	1	0	0	26531
10	0	0	16	11	0	0	0	0	0	24	0	0	0	0	0	0	6	41	3	26418	12	26531
11	0	0	4	2	0	1	0	1	0	0	0	4	0	1	18	26487	0	0	0	0	13	26531
12	0	0	0	11	0	7	0	0	0	0	0	4	0	0	0	58	0	3	0	3	26445	26531
13	148	424	428	2768	2201	906	877	250	59	2440	3490	3318	693	760	792	3118	27	1073	458	1477	824	26531
14	0	7	0	11	1	0	0	0	22	0	0	3	0	23	0	1	8	26403	0	11	41	26531
15	0	14	8	0	1	1	0	0	4	0	1	0	7	26446	40	4	0	5	0	0	0	26531
16	0	0	26419	13	2	0	0	0	0	3	1	1	0	38	23	5	0	2	0	24	0	26531
17	0	0	0	10	1	0	7	0	0	1	0	12	0	0	0	26467	2	0	4	0	26	26530
18	14	0	26395	9	1	12	0	0	0	90	0	0	0	0	0	2	7	0	0	0	0	26530
19	0	15	0	2	0	0	0	6	26431	46	13	6	0	1	0	0	0	9	0	0	0	26529
20	0	0	1	13	0	12	0	1	0	0	0	7	0	0	0	26428	12	1	0	0	54	26529
21	1	0	10	1	0	11	0	0	0	0	0	2	1	4	17	26454	0	0	0	0	28	26529
22	0	0	0	4	0	1	4	0	0	0	0	4	0	0	0	26496	1	0	4	0	15	26529
23	1	10	0	9	7	26468	4	0	0	0	0	18	0	0	0	3	0	0	0	0	9	26529
24	1	0	1	1	1	13	0	19	1	13	14	26431	0	0	0	32	2	0	0	0	0	26529
25	17	0	6	2	26480	0	7	0	0	0	6	0	1	0	10	0	0	0	0	0	0	26529
26	58	0	26416	7	2	1	22	0	0	17	0	1	1	0	0	0	0	0	2	0	0	26527
27	0	0	0	0	0	0	0	0	0	0	0	0	0	0	0	0	0	0	0	0	0	0
28	0	0	0	0	0	0	0	0	0	0	0	0	0	0	0	0	0	0	0	0	0	0
