	K	N	R	S	T	I	M	E	D	G	A	V	Q	H	P	L	*	Y	W	C	F	SUM
0	0	0	0	55	15	0	0	34	0	1	114837	22	0	0	2	0	0	0	0	0	0	114966
1	1	0	7	0	0	31	0	0	0	0	0	7	0	13	16	114874	0	0	0	0	17	114966
2	0	6	0	2	10	114919	5	0	0	0	0	12	0	0	0	7	0	0	0	0	5	114966
3	0	0	38	0	0	0	0	0	0	8	0	0	0	0	0	141	47	0	114531	196	5	114966
4	0	45	0	1	0	0	0	31	114753	54	17	7	0	4	0	0	0	54	0	0	0	114966
5	0	62	0	0	1	0	0	45	114797	11	11	20	0	2	0	0	0	17	0	0	0	114966
6	0	0	9	0	0	0	23	0	0	0	0	0	26	0	74	114834	0	0	0	0	0	114966
7	0	0	114687	0	0	0	0	0	0	4	0	0	57	0	6	17	0	0	195	0	0	114966
8	0	68	62	114777	4	12	0	0	0	36	0	0	0	0	0	2	0	0	0	4	1	114966
9	2	0	45	0	0	0	129	0	0	0	0	7	114	0	159	114509	0	0	1	0	0	114966
10	0	0	86	24	0	0	0	0	1	86	0	3	0	0	0	2	20	139	20	114530	55	114966
11	0	0	17	0	1	32	0	0	0	0	0	5	0	16	66	114805	0	0	0	1	23	114966
12	0	2	0	18	0	338	0	1	0	0	0	7	0	0	0	66	0	23	0	12	114499	114966
13	0	110	49	114671	9	31	0	0	0	81	0	1	0	0	0	1	1	0	0	12	0	114966
14	1	13	1	22	1	0	0	0	11	0	0	1	0	59	0	2	27	114724	0	26	78	114966
15	0	45	20	0	2	1	0	1	8	0	0	1	52	114585	192	31	1	27	0	0	0	114966
16	3027	1785	28242	7432	6025	1525	2753	3626	765	8005	9207	7233	2692	3540	785	10898	96	6326	7059	2469	1476	114966
17	0	0	0	41	0	0	38	1	0	0	0	110	0	0	0	114648	15	0	26	1	86	114966
18	125	0	114504	42	3	27	0	10	0	213	1	0	0	0	1	3	36	0	0	1	0	114966
19	0	69	2	8	1	1	0	36	114608	130	40	38	1	7	0	1	1	19	0	1	1	114964
20	1	0	1	49	0	48	0	0	0	1	0	30	0	1	2	114609	24	0	0	1	196	114963
21	0	1	33	2	1	28	0	0	0	0	0	4	1	15	78	114768	0	0	0	0	32	114963
22	0	0	1	44	1	2	14	0	0	1	0	24	0	0	0	114762	10	1	15	0	88	114963
23	0	54	1	32	31	114732	20	0	0	0	0	58	0	0	1	7	0	0	0	0	26	114962
24	0	0	0	0	0	53	0	54	0	53	48	114017	0	0	0	731	3	0	0	0	0	114959
25	70	0	10	10	114776	0	51	0	0	0	25	0	1	0	16	0	0	0	0	0	0	114959
26	204	0	114545	53	13	1	58	0	0	78	0	0	0	0	0	0	0	0	7	0	0	114959
27	0	0	0	0	0	0	0	0	0	0	0	0	0	0	0	0	0	0	0	0	0	0
28	0	0	0	0	0	0	0	0	0	0	0	0	0	0	0	0	0	0	0	0	0	0
