	K	N	R	S	T	I	M	E	D	G	A	V	Q	H	P	L	*	Y	W	C	F	SUM
0	0	0	0	0	1	0	0	1	0	0	1950	0	0	0	0	0	0	0	0	0	0	1952
1	0	0	0	0	0	1	0	0	0	0	0	0	0	0	2	1949	0	0	0	0	0	1952
2	0	0	0	0	0	1952	0	0	0	0	0	0	0	0	0	0	0	0	0	0	0	1952
3	0	0	0	0	0	0	0	0	0	0	0	0	0	0	0	2	2	0	1947	1	0	1952
4	0	0	0	0	0	0	0	0	1948	1	0	0	0	0	0	0	0	3	0	0	0	1952
5	0	1	0	0	0	0	0	0	1947	1	0	0	0	0	0	0	0	3	0	0	0	1952
6	0	0	0	0	0	0	0	0	0	0	0	0	0	0	0	1952	0	0	0	0	0	1952
7	0	0	1949	0	0	0	0	0	0	0	0	0	0	0	0	0	0	0	3	0	0	1952
8	0	1	1	1948	0	1	0	0	0	1	0	0	0	0	0	0	0	0	0	0	0	1952
9	0	0	1	0	0	0	0	0	0	0	0	0	1	0	2	1948	0	0	0	0	0	1952
10	0	0	2	0	0	0	0	0	0	2	0	0	0	0	0	0	0	1	1	1944	2	1952
11	0	0	0	0	0	0	0	0	0	0	0	1	0	1	2	1945	0	0	0	0	3	1952
12	0	1	0	1	0	0	0	0	0	0	0	0	0	0	0	1	0	0	0	1	1948	1952
13	0	0	1	1945	0	5	0	0	0	0	1	0	0	0	0	0	0	0	0	0	0	1952
14	0	1	0	5	0	0	0	0	0	0	0	0	0	0	0	0	0	1945	0	1	0	1952
15	47	41	63	129	114	62	40	181	131	58	217	209	122	173	39	192	2	60	5	30	37	1952
16	0	0	1942	1	0	0	0	0	0	0	1	0	0	2	3	0	0	0	0	3	0	1952
17	0	0	0	1	0	0	1	0	0	0	0	1	0	0	0	1947	1	0	1	0	0	1952
18	0	0	1943	1	0	1	0	0	0	6	0	0	0	0	0	0	1	0	0	0	0	1952
19	0	1	0	0	0	0	0	0	1946	1	1	1	0	0	0	0	0	1	0	0	1	1952
20	0	0	0	0	0	0	0	0	0	0	0	1	0	0	0	1948	1	0	0	0	2	1952
21	0	0	1	0	0	1	0	0	0	0	0	0	0	0	0	1950	0	0	0	0	0	1952
22	0	0	0	0	0	0	0	0	0	0	0	0	0	0	0	1950	0	0	0	0	2	1952
23	0	0	0	0	0	1946	1	0	0	0	0	3	0	0	0	0	0	0	0	0	2	1952
24	0	0	0	0	0	1	0	1	0	2	1	1939	0	0	0	8	0	0	0	0	0	1952
25	2	0	0	0	1949	0	1	0	0	0	0	0	0	0	0	0	0	0	0	0	0	1952
26	5	0	1943	0	0	0	2	1	0	1	0	0	0	0	0	0	0	0	0	0	0	1952
27	0	0	0	0	0	0	0	0	0	0	0	0	0	0	0	0	0	0	0	0	0	0
28	0	0	0	0	0	0	0	0	0	0	0	0	0	0	0	0	0	0	0	0	0	0
