	K	N	R	S	T	I	M	E	D	G	A	V	Q	H	P	L	*	Y	W	C	F	SUM
0	0	0	0	2	0	0	0	2	0	0	5539	0	0	0	0	0	0	0	0	0	0	5543
1	0	0	0	0	0	0	0	0	0	0	0	0	0	2	0	5541	0	0	0	0	0	5543
2	0	0	0	0	1	5539	1	0	0	0	0	2	0	0	0	0	0	0	0	0	0	5543
3	0	0	3	0	0	0	0	0	0	0	0	0	0	0	0	3	3	0	5489	45	0	5543
4	0	1	0	0	0	0	0	4	5510	2	0	1	0	0	0	0	0	25	0	0	0	5543
5	0	3	0	0	0	0	0	1	5536	1	0	1	0	0	0	0	0	1	0	0	0	5543
6	0	0	0	0	0	0	2	0	0	0	0	0	0	0	2	5539	0	0	0	0	0	5543
7	0	0	5533	0	0	0	0	0	0	0	0	0	2	0	0	0	0	0	8	0	0	5543
8	0	4	2	5536	0	0	0	0	0	1	0	0	0	0	0	0	0	0	0	0	0	5543
9	0	0	0	0	0	0	1	0	0	0	0	0	6	0	4	5532	0	0	0	0	0	5543
10	0	0	3	2	0	0	0	0	0	1	0	1	0	0	0	0	0	12	1	5520	3	5543
11	0	0	0	0	0	1	0	0	0	0	0	0	0	1	8	5532	0	0	0	0	1	5543
12	0	0	0	5	0	2	0	0	0	0	0	0	0	0	0	3	0	0	0	2	5531	5543
13	0	7	1	5524	2	3	0	0	0	5	1	0	0	0	0	0	0	0	0	0	0	5543
14	19	61	156	195	18	646	14	80	37	177	42	313	157	203	12	1467	6	758	6	666	510	5543
15	0	3	3	0	0	0	0	0	1	0	0	0	2	5519	10	3	0	2	0	0	0	5543
16	0	0	5516	2	0	0	0	0	0	6	0	0	0	12	2	1	0	0	0	4	0	5543
17	0	0	0	3	0	0	2	0	0	0	0	0	0	0	0	5536	0	0	0	0	2	5543
18	2	0	5523	4	0	1	0	0	0	11	0	0	0	0	0	0	2	0	0	0	0	5543
19	0	2	0	0	0	0	0	2	5530	3	2	2	0	1	0	0	0	1	0	0	0	5543
20	0	0	0	2	0	0	0	1	0	1	0	2	0	0	0	5522	4	0	0	0	11	5543
21	0	0	2	0	0	2	0	0	0	0	0	1	0	2	1	5532	0	1	0	0	2	5543
22	0	0	0	0	0	0	1	0	0	0	0	0	0	0	0	5536	2	0	2	0	2	5543
23	0	3	0	1	2	5522	2	0	0	0	0	8	0	0	0	1	0	0	0	0	4	5543
24	0	0	0	0	1	5	0	4	0	1	1	5527	0	0	0	4	0	0	0	0	0	5543
25	1	0	1	1	5537	0	0	0	0	0	3	0	0	0	0	0	0	0	0	0	0	5543
26	7	0	5521	4	0	0	5	0	0	5	0	0	0	0	0	0	0	0	0	0	0	5542
27	0	0	0	0	0	0	0	0	0	0	0	0	0	0	0	0	0	0	0	0	0	0
28	0	0	0	0	0	0	0	0	0	0	0	0	0	0	0	0	0	0	0	0	0	0
