	K	N	R	S	T	I	M	E	D	G	A	V	Q	H	P	L	*	Y	W	C	F	SUM
0	0	0	0	3	1	0	0	4	0	0	9229	1	0	0	2	0	0	0	0	0	0	9240
1	0	0	0	0	0	0	0	0	0	0	0	1	0	2	2	9232	0	0	0	0	3	9240
2	0	0	0	0	0	9239	0	0	0	0	0	1	0	0	0	0	0	0	0	0	0	9240
3	0	0	3	0	0	0	0	0	0	1	0	0	0	0	0	19	4	0	9137	76	0	9240
4	0	5	0	0	0	0	0	1	9192	4	1	0	0	0	0	0	0	37	0	0	0	9240
5	0	6	0	0	0	0	0	1	9218	2	2	1	0	0	0	0	0	10	0	0	0	9240
6	0	0	1	0	0	0	2	0	0	0	0	0	0	0	8	9229	0	0	0	0	0	9240
7	0	0	9219	0	0	0	0	0	0	0	0	0	4	0	1	3	0	0	13	0	0	9240
8	0	3	9	9219	0	5	0	0	0	3	0	0	0	0	0	0	0	0	0	1	0	9240
9	0	0	3	0	0	0	6	0	0	0	0	0	5	0	13	9213	0	0	0	0	0	9240
10	0	0	2	2	0	0	0	0	0	6	0	0	0	0	0	0	0	14	3	9205	8	9240
11	0	0	2	0	0	1	0	0	0	0	0	0	0	2	9	9225	0	0	0	0	1	9240
12	0	0	0	5	0	1	0	0	0	0	0	1	0	0	0	6	0	0	0	2	9225	9240
13	0	4	6	9217	0	2	0	0	0	7	0	0	0	1	0	0	0	0	0	3	0	9240
14	33	136	265	269	39	1078	17	131	47	294	87	580	228	316	20	2404	11	1246	16	1113	910	9240
15	0	7	5	0	0	0	0	0	1	0	0	0	1	9202	18	2	0	4	0	0	0	9240
16	0	1	9193	1	0	0	0	0	0	6	0	0	0	23	3	2	0	0	0	11	0	9240
17	0	0	0	3	0	0	3	0	0	0	0	3	0	0	0	9222	3	0	2	0	4	9240
18	2	0	9211	1	0	3	0	0	0	19	0	0	0	0	0	1	3	0	0	0	0	9240
19	0	9	0	2	0	0	0	4	9202	16	1	4	0	0	0	0	0	2	0	0	0	9240
20	0	0	0	2	0	4	0	0	0	0	1	3	0	0	0	9208	4	0	0	1	17	9240
21	0	0	5	0	0	3	0	0	0	0	0	1	0	1	3	9223	0	0	0	0	4	9240
22	0	0	0	1	0	0	0	0	0	0	0	2	0	0	0	9226	1	0	2	0	8	9240
23	0	6	0	1	3	9216	0	0	0	0	0	7	0	0	0	2	0	0	0	0	4	9239
24	0	0	0	0	0	8	0	8	0	7	3	9193	0	0	0	18	2	0	0	0	0	9239
25	5	1	0	1	9224	1	6	0	0	0	1	0	0	0	0	0	0	0	0	0	0	9239
26	17	0	9195	11	1	1	11	0	0	2	0	0	0	0	0	0	0	0	1	0	0	9239
27	0	0	0	0	0	0	0	0	0	0	0	0	0	0	0	0	0	0	0	0	0	0
28	0	0	0	0	0	0	0	0	0	0	0	0	0	0	0	0	0	0	0	0	0	0
