	K	N	R	S	T	I	M	E	D	G	A	V	Q	H	P	L	*	Y	W	C	F	SUM
0	0	0	0	20	9	0	0	19	0	4	38080	10	0	0	1	0	0	0	0	0	0	38143
1	0	0	1	0	0	8	0	0	0	0	0	1	0	5	7	38113	0	0	0	0	8	38143
2	0	3	0	3	4	38122	1	0	0	0	0	4	0	0	0	5	0	0	0	0	1	38143
3	0	0	9	0	0	0	0	0	0	4	0	0	0	0	0	40	14	0	38029	43	4	38143
4	0	19	0	0	0	0	0	91	37991	14	2	7	0	3	0	0	1	15	0	0	0	38143
5	0	15	0	0	0	0	0	5	38103	3	6	0	0	3	0	0	0	8	0	0	0	38143
6	0	0	4	0	0	0	6	0	0	0	0	1	6	0	22	38103	0	0	1	0	0	38143
7	0	0	38039	0	0	0	0	0	0	4	0	0	30	0	1	9	0	0	60	0	0	38143
8	0	29	23	38071	1	6	0	0	0	10	0	0	0	0	0	0	0	0	0	3	0	38143
9	0	0	19	0	0	0	30	0	0	0	0	4	32	0	48	38009	0	0	1	0	0	38143
10	0	0	25	15	0	1	0	0	0	24	0	0	0	0	0	0	3	53	6	37998	18	38143
11	0	0	6	0	0	15	0	0	0	0	0	1	0	8	28	38083	0	0	0	0	2	38143
12	0	0	0	5	0	3	0	0	0	1	0	7	0	0	1	45	0	0	0	5	38076	38143
13	260	491	416	4645	3191	1916	779	286	66	4492	4084	5674	1016	938	898	4232	26	1699	567	1410	1057	38143
14	0	11	0	14	0	0	0	1	28	0	0	0	0	22	1	2	10	37966	0	13	75	38143
15	1	95	12	1	0	1	0	0	1	1	1	0	7	37935	70	3	0	15	0	0	0	38143
16	0	1	38001	4	1	0	0	0	0	4	1	1	0	59	25	32	0	0	0	14	0	38143
17	0	0	0	14	1	0	7	0	0	0	0	15	0	0	0	38056	1	0	13	0	36	38143
18	15	0	38012	14	0	5	0	1	0	79	0	0	0	0	1	1	14	0	0	1	0	38143
19	0	21	0	2	0	0	0	19	38011	54	16	8	0	0	0	0	0	11	0	0	0	38142
20	1	0	1	16	0	10	0	0	0	0	0	11	0	0	1	38012	14	0	0	2	74	38142
21	1	0	6	0	0	13	0	0	0	0	0	1	0	3	31	38069	0	0	0	0	18	38142
22	0	0	2	14	1	2	2	0	0	0	0	8	0	0	0	38087	2	0	4	1	19	38142
23	2	18	0	12	10	38031	10	0	0	0	0	46	0	0	0	2	0	0	0	0	10	38141
24	0	0	0	0	0	22	0	21	0	13	14	38044	0	0	0	26	0	0	0	0	0	38140
25	14	1	1	2	38092	0	19	0	0	0	5	0	0	0	6	0	0	0	0	0	0	38140
26	77	1	37983	9	2	0	31	1	0	32	0	0	0	0	0	0	0	0	4	0	0	38140
27	0	0	0	0	0	0	0	0	0	0	0	0	0	0	0	0	0	0	0	0	0	0
28	0	0	0	0	0	0	0	0	0	0	0	0	0	0	0	0	0	0	0	0	0	0
