	K	N	R	S	T	I	M	E	D	G	A	V	Q	H	P	L	*	Y	W	C	F	SUM
0	0	0	0	13	2	0	0	8	0	1	16630	3	0	0	0	0	0	0	0	0	0	16657
1	0	0	0	0	0	2	0	0	0	0	0	0	0	2	1	16650	0	0	0	0	2	16657
2	0	0	0	1	2	16652	0	0	0	0	0	0	0	0	0	1	0	0	0	0	1	16657
3	0	0	4	0	0	0	0	0	0	0	0	0	0	0	0	13	7	0	16621	10	2	16657
4	0	4	0	0	0	0	0	2	16634	9	1	0	0	1	0	0	0	6	0	0	0	16657
5	0	10	0	0	0	0	0	2	16635	2	3	2	0	0	0	0	0	3	0	0	0	16657
6	0	0	0	0	0	0	2	0	0	0	0	0	4	0	5	16646	0	0	0	0	0	16657
7	0	0	16604	1	0	0	0	0	0	1	0	0	13	0	0	6	1	0	31	0	0	16657
8	0	6	8	16636	0	1	0	0	0	4	0	0	0	0	0	0	0	0	0	2	0	16657
9	0	0	9	0	0	0	13	0	0	0	0	1	12	0	21	16601	0	0	0	0	0	16657
10	0	0	8	4	0	1	0	0	0	19	0	0	0	0	0	0	5	21	5	16588	6	16657
11	0	0	0	0	0	3	0	0	0	0	0	1	0	0	8	16638	0	0	0	0	7	16657
12	0	0	0	2	0	0	0	0	0	0	0	1	0	0	0	16	1	2	0	5	16630	16657
13	0	11	18	16612	0	3	1	0	0	5	0	0	0	0	0	0	0	0	0	6	1	16657
14	0	1	0	2	0	0	0	0	0	0	0	0	0	8	0	0	3	16622	0	4	17	16657
15	0	5	5	0	0	0	0	0	2	0	0	0	3	16604	32	4	0	2	0	0	0	16657
16	0	0	16577	0	0	0	0	0	0	2	0	0	0	42	15	4	0	0	0	17	0	16657
17	0	0	0	2	0	0	2	0	0	0	0	11	0	0	0	16622	3	0	5	0	12	16657
18	5	0	16598	4	0	6	0	0	0	38	0	0	0	0	0	1	5	0	0	0	0	16657
19	0	10	0	1	0	0	0	9	16614	12	6	3	0	0	0	0	0	2	0	0	0	16657
20	0	0	1	7	0	5	0	0	0	0	0	2	0	0	0	16609	2	0	0	0	31	16657
21	0	0	6	0	0	5	0	0	0	0	0	1	0	6	19	16612	0	0	0	0	8	16657
22	0	0	0	6	0	1	5	0	0	0	0	3	0	0	0	16634	0	0	2	0	6	16657
23	0	11	0	7	5	16612	4	0	0	0	0	13	0	0	0	1	0	0	0	0	4	16657
24	0	0	0	0	1	10	0	13	0	10	10	16601	0	0	0	12	0	0	0	0	0	16657
25	5	0	2	1	16634	0	9	0	0	0	5	0	0	0	1	0	0	0	0	0	0	16657
26	23	0	16601	3	0	1	11	1	0	14	0	0	0	0	0	0	0	0	2	0	0	16656
27	0	0	0	0	0	0	0	0	0	0	0	0	0	0	0	0	0	0	0	0	0	0
28	0	0	0	0	0	0	0	0	0	0	0	0	0	0	0	0	0	0	0	0	0	0
