	K	N	R	S	T	I	M	E	D	G	A	V	Q	H	P	L	*	Y	W	C	F	SUM
0	0	1	1	154	54	0	0	270	2	14	272570	101	0	0	39	0	0	0	0	0	0	273206
1	1	2	12	2	0	147	0	0	1	0	0	12	0	53	38	272870	0	0	0	0	67	273205
2	1	41	0	10	42	273001	18	0	0	0	0	24	0	0	0	44	0	0	0	0	24	273205
3	1	0	78	10	0	0	0	0	0	56	0	0	0	0	0	343	200	1	272074	427	15	273205
4	1	109	0	3	1	0	0	284	272424	105	62	23	0	15	0	0	1	172	0	0	0	273200
5	0	179	0	4	0	1	0	73	272671	43	100	44	0	9	0	2	0	73	0	0	0	273199
6	2	0	43	2	0	2	157	1	0	1	0	16	77	1	181	272716	0	0	0	0	0	273199
7	0	0	272052	1	0	0	0	3	0	53	0	0	264	0	24	223	2	0	576	1	0	273199
8	4	171	529	272228	22	87	5	0	0	113	1	3	0	0	7	8	0	1	1	19	0	273199
9	3	0	191	0	1	3	343	1	0	4	0	64	227	0	384	271961	2	0	12	3	0	273199
10	0	0	200	145	1	3	0	0	3	681	3	22	0	0	0	13	145	460	134	271033	355	273198
11	1	1	142	6	3	733	2	0	1	0	0	37	2	89	394	271648	1	0	0	0	137	273197
12	0	8	9	141	1	341	2	2	1	1	0	61	0	2	6	439	16	98	1	97	271971	273197
13	167	685	1256	251845	1998	1457	805	178	61	2785	2192	2606	440	563	577	2340	35	978	349	1322	556	273195
14	37	217	272	580	46	1148	23	132	229	253	92	308	191	740	29	2088	407	263377	15	1606	1401	273191
15	852	1699	1425	1983	2084	1017	580	2940	2372	795	3661	3440	2740	239910	2240	3187	95	1201	79	320	567	273187
16	1639	1139	218470	4480	3532	1019	1671	1871	512	5194	5747	4085	1992	2940	1889	6568	118	4045	2803	2349	1118	273181
17	19	41	85	944	2213	1025	1041	21	25	1091	2017	2571	71	15	64	259254	114	105	502	190	1766	273174
18	356	475	258909	1728	997	466	216	320	257	3164	1138	483	776	745	66	938	334	574	237	730	223	273132
19	39	356	77	430	420	94	26	3597	264755	1164	511	386	467	160	30	156	24	294	1	44	56	273087
20	577	1147	1368	3266	1121	3854	198	1053	1345	3684	3517	6413	1232	2082	470	227717	1140	2892	303	3331	6368	273078
21	63	127	730	733	611	901	902	44	18	456	390	536	292	598	647	263089	13	513	843	461	1086	273053
22	73	133	301	826	605	543	304	210	192	341	662	1406	286	142	241	264816	124	195	485	228	924	273037
23	4	345	23	279	85	271112	270	0	14	8	1	451	0	2	1	102	0	3	0	7	319	273026
24	8	0	8	0	19	248	2	492	3	439	150	270434	0	0	0	1167	33	0	1	1	9	273014
25	476	10	131	111	271742	9	182	6	1	1	102	0	9	0	210	3	4	0	0	1	0	272998
26	1144	12	269780	408	47	33	884	34	1	546	0	10	6	0	1	4	6	0	55	2	0	272973
27	0	0	0	0	0	0	0	0	0	0	0	0	0	0	0	0	0	0	0	0	0	0
28	0	0	0	0	0	0	0	0	0	0	0	0	0	0	0	0	0	0	0	0	0	0
